Wavelength(nm)	S1_532(arb.units)	S1_450(arb.units)	S1_400(arb.units)
189.07	0.00211659	0.00105117	0
189.54	0.00211659	0.00105117	0
190.01	0.00211659	0.00105117	0
190.48	0.00149685	9.445E-5	0
190.95	0.00398688	-5.2304E-4	0
191.41	7.9117E-4	-9.9246E-4	0
191.88	5.462E-4	-5.87E-5	0
192.35	-9.5685E-4	-0.00174504	0
192.82	0.00100602	-0.00143629	0
193.29	-0.00256489	7.72E-6	0
193.75	5.6437E-4	-0.00152566	0
194.22	-0.00103615	-8.649E-4	0
194.69	0.00177372	-8.8521E-4	0
195.16	-4.4299E-4	-0.00113282	0
195.63	-0.00288562	-0.00116329	0
196.09	0.00208957	-0.00112246	0
196.56	-6.113E-5	-7.9604E-4	0
197.03	0.00408168	2.64E-6	0
197.5	7.5131E-4	-4.5154E-4	0
197.96	0.00272747	-0.00210477	0
198.43	2.5693E-4	-7.8568E-4	0
198.9	-1.0454E-4	-9.2096E-4	0
199.37	0.00191415	-6.7092E-4	0
199.83	0.00470939	6.5061E-4	0
200.3	0.00652741	0.00236233	0
200.77	0.00486842	0.00112003	0
201.24	0.00763709	3.4186E-4	0
201.7	0.00744218	7.7309E-4	0
202.17	0.00487152	-1.5316E-4	0
202.64	0.00636838	7.394E-5	0
203.1	0.00405377	0.00240316	0
203.57	0.00609373	0.00124495	0
204.04	0.00559847	0.00192866	0
204.51	0.0039603	0.00261238	0
204.97	0.00439664	0.00195933	0
205.44	0.00585894	3.4694E-4	0
205.91	0.00785858	-2.0658E-4	0
206.37	0.00810311	3.904E-4	0
206.84	0.00897668	-4.5419E-4	0
207.31	0.00740098	5.5879E-4	0
207.77	0.00417382	0.00190063	0
208.24	0.00268849	3.6481E-4	0
208.71	0.00551164	4.3123E-4	0
209.17	0.00444094	0.00113282	0
209.64	0.00696951	5.0517E-4	0
210.1	0.0047971	-6.886E-5	0
210.57	0.00419508	-2.73E-4	0
211.04	0.00281429	-3.8776E-4	0
211.5	0.0033729	-1.1477E-4	0
211.97	0.0076269	0.00158945	0
212.44	0.00467705	-9.445E-5	0
212.9	0.00444449	-5.87E-5	0
213.37	0.00571409	-1.28E-5	0
213.83	0.00563745	0.00287786	0
214.3	0.00494728	-2.64E-6	0
214.77	0.00426198	0.00121956	0
215.23	0.00241826	0.00137251	0
215.7	0.00424647	0.00138795	0
216.16	0.00465269	9.7195E-4	0
216.63	6.7998E-4	-6.0978E-4	0
217.09	0.00310002	0.00127562	0
217.56	0.00414281	0.00167354	0
218.03	0.00174581	-5.08E-6	0
218.49	0.00389341	0.0012679	0
218.96	0.00211659	3.575E-5	0
219.42	0.00425976	-8.8014E-4	0
219.89	0.00317267	-0.00142106	0
220.35	0.00381677	-5.5108E-4	0
220.82	0.00777707	0.00115578	0
221.28	0.0035811	0.00117873	0
221.75	0.00475591	0.0013981	0
222.21	0.00600247	7.5014E-4	0
222.68	0.00515194	-8.937E-5	0
223.14	0.00325507	-3.7253E-4	0
223.61	0.00526667	-6.0206E-4	0
224.07	0.0031616	0.00124251	0
224.54	0.00355851	7.3978E-4	0
225	0.00343492	1.5051E-4	0
225.47	0.00571187	0.00186752	0
225.93	0.00491848	3.1383E-4	0
226.4	0.00463896	6.6076E-4	0
226.86	0.0053814	5.6895E-4	0
227.33	0.00378576	7.8568E-4	0
227.79	0.00229246	-6.9143E-4	0
228.26	0.00575307	0.00128842	0
228.72	0.00295428	0.00169141	0
229.18	0.00326836	-9.49E-4	0
229.65	0.00587666	6.9143E-4	0
230.11	0.00447328	8.062E-4	0
230.58	0.00589748	8.4703E-4	0
231.04	0.00453663	1.887E-4	0
231.51	0.00555594	0.00229855	0
231.97	0.0098126	-5.0517E-4	0
232.43	0.00472578	8.0864E-4	0
232.9	0.00338708	0.00197213	0
233.36	0.00604367	7.7045E-4	0
233.83	0.00182821	8.8786E-4	0
234.29	0.00495303	5.6631E-4	0
234.75	0.00634844	0.00254108	0
235.22	0.00639407	0.00179358	0
235.68	0.00472711	6.5061E-4	0
236.14	0.0028865	6.6584E-4	0
236.61	0.00514972	7.9604E-4	0
237.07	0.00236245	0.00139546	0
237.53	0.00426419	0.00119132	0
238	0.00338398	0.00129593	0
238.46	0.00389917	0.00160732	0
238.93	0.00697173	0.00158437	0
239.39	9.3825E-4	9.3112E-4	0
239.85	0.00272082	0.00149499	0
240.31	0.00596792	0.00130873	0
240.78	0.00406042	0.00139302	0
241.24	0.00433773	6.7092E-4	0
241.7	0.00209976	0.00118117	0
242.17	0.00433551	-0.00198493	0
242.63	0.00446221	5.3828E-4	0
243.09	0.00385576	-3.1119E-4	0
243.56	0.00268937	6.0206E-4	0
244.02	0.00385221	0.0011251	0
244.48	0.00473464	0.00101785	0
244.94	0.00473597	2.3481E-4	0
245.41	0.00436785	0.00104853	0
245.87	0.00187738	-5.7403E-4	0
246.33	0.00333037	0.00165566	0
246.8	5.5418E-4	1.3528E-4	0
247.26	0.00466376	0.00145924	0
247.72	0.0061872	0.0012092	0
248.18	0.00446132	7.3978E-4	0
248.64	0.00495082	0.00108428	0
249.11	0.00380216	0.00108692	0
249.57	0.00595108	2.4741E-4	0
250.03	0.00384025	0.00170421	0
250.49	0.00574864	0.00103065	0
250.96	0.00295118	-7.6801E-4	0
251.42	0.00267387	0.00176799	0
251.88	0.0038748	-6.634E-4	0
252.34	0.00113626	0.00228596	0
252.8	0.00353636	0.00207166	0
253.27	0.00338486	2.803E-5	0
253.73	0.00153229	4.3367E-4	0
254.19	0.00637192	2.0414E-4	0
254.65	0.0026907	6.3517E-4	0
255.11	0.00563169	5.098E-5	0
255.57	0.00440993	0.00187768	0
256.04	0.0096323	-5.3056E-4	0
256.5	0.00462124	0.00168634	0
256.96	0.00646185	8.5211E-4	0
257.42	0.00519446	9.0065E-4	0
257.88	0.00667537	-7.2718E-4	0
258.34	0.0028834	7.6801E-4	0
258.8	0.00470053	0.0011966	0
259.27	0.00262957	6.5812E-4	0
259.73	0.00316824	0.00173224	0
260.19	0.00444449	0.00118117	0
260.65	0.00301895	8.777E-4	0
261.11	0.00606892	5.606E-5	0
261.57	0.00674802	5.7911E-4	0
262.03	0.00346726	6.7864E-4	0
262.49	0.0035151	-6.3009E-4	0
262.95	0.00347745	-2.803E-5	0
263.41	0.00563966	-7.3226E-4	0
263.88	0.00407503	3.2662E-4	0
264.34	0.00318906	0.00169405	0
264.8	0.00398156	0.00164815	0
265.26	0.00551031	-7.8061E-4	0
265.72	0.0032369	4.6942E-4	0
266.18	0.00558163	2.9859E-4	0
266.64	0.00764905	4.4139E-4	0
267.1	0.00490519	7.347E-4	0
267.56	0.00435766	0.00207918	0
268.02	0.00729068	0.00111739	0
268.48	0.00389695	4.855E-5	0
268.94	0.00124834	0.00186244	0
269.4	0.00441082	0.00200788	0
269.86	0.00744218	0.00281652	0
270.32	0.00341631	7.2454E-4	0
270.78	0.00804552	0.00144401	0
271.24	0.00597678	0.00149256	0
271.7	0.00622263	0.0020613	0
272.16	0.00559625	7.2962E-4	0
272.62	0.00441658	7.219E-4	0
273.08	0.00586337	9.6951E-4	0
273.54	0.00432665	0.00192622	0
274	0.00383804	4.8222E-4	0
274.46	0.002498	-2.9331E-4	0
274.92	0.0066767	1.0969E-4	0
275.38	0.00273279	2.9087E-4	0
275.84	0.00456143	6.3273E-4	0
276.3	0.00409718	0.0011966	0
276.76	0.00643837	4.7206E-4	0
277.22	0.00387569	5.2548E-4	0
277.68	9.5907E-4	-8.166E-5	0
278.14	0.00414857	5.4336E-4	0
278.59	0.00584211	8.5475E-4	0
279.05	0.00447106	0.00166074	0
279.51	0.00555505	9.3112E-4	0
279.97	0.0019075	2.4741E-4	0
280.43	0.005773	7.347E-4	0
280.89	0.00250819	6.0978E-4	0
281.35	0.00345308	6.5568E-4	0
281.81	0.00199388	-3.5709E-4	0
282.27	0.00223132	0.00248482	0
282.72	0.00299991	0.00112246	0
283.18	0.00451005	1.4787E-4	0
283.64	0.00377115	3.6481E-4	0
284.1	0.0065788	-4.745E-4	0
284.56	0.0015066	6.8636E-4	0
285.02	0.00358553	5.0517E-4	0
285.48	0.00371533	0.00161484	0
285.93	0.00298662	8.5982E-4	0
286.39	0.00435766	0.00185208	0
286.85	0.0031359	-2.2709E-4	0
287.31	0.00451359	-7.658E-5	0
287.77	0.00398156	3.189E-4	0
288.23	0.00643394	0.0011379	0
288.68	0.00623282	0.00139546	0
289.14	0.00398156	6.76E-4	0
289.6	0.00529458	9.7459E-4	0
290.06	0.00411269	-8.2143E-4	0
290.52	0.00340967	0.00104345	0
290.97	0.00653405	5.2548E-4	0
291.43	0.00619694	9.6443E-4	0
291.89	0.00905553	0.00104609	0
292.35	0.00674004	-8.3931E-4	0
292.81	0.00622839	-6.1993E-4	0
293.26	0.00811773	5.204E-4	0
293.72	0.00678124	7.3734E-4	0
294.18	0.00369894	0.00200016	0
294.64	0.00376672	-6.378E-5	0
295.09	0.00585673	9.1081E-4	0
295.55	0.00479267	0.00112003	0
296.01	0.00537033	0.0027503	0
296.46	0.00354079	7.0423E-4	0
296.92	0.00221538	6.7356E-4	0
297.38	0.00710152	-4.9745E-4	0
297.84	0.00412819	-7.5257E-4	0
298.29	0.00393461	0.00185473	0
298.75	0.00738326	0.00137007	0
299.21	0.00662752	0.0014694	0
299.66	0.00561707	0.0016124	0
300.12	0.00590989	5.8926E-4	0
300.58	0.00589084	-1.0725E-4	0
301.03	0.00619163	5.2548E-4	0
301.49	0.00135421	6.3273E-4	0
301.95	0.00272393	0.00166074	0
302.4	0.00401169	4.4647E-4	0
302.86	0.00368565	0.00123743	0
303.32	0.0053845	0.00138267	0
303.77	0.00232214	0.00175519	0
304.23	0.00776379	-3.819E-5	0
304.69	0.00613138	3.819E-5	0
305.14	0.00413617	0.00155634	0
305.6	0.00623282	8.7506E-4	0
306.06	0.00367768	0.00183441	0
306.51	0.00277398	6.3009E-4	0
306.97	0.00606006	6.4045E-4	0
307.42	0.00215203	0.00133432	0
307.88	0.0074156	9.445E-5	0
308.34	0.00159032	5.4336E-4	0
308.79	0.00237795	8.6226E-4	0
309.25	0.00232347	0.00119132	0
309.7	0.00125277	8.2915E-4	0
310.16	0.00325374	7.4486E-4	0
310.62	0.00436652	5.0009E-4	0
311.07	0.00347169	0.00262782	0
311.53	0.00353415	0.00118624	0
311.98	0.00542127	6.1486E-4	0
312.44	0.00346637	2.8823E-4	0
312.89	0.00555151	0.00120168	0
313.35	0.00467262	0.00144645	0
313.8	0.00251705	7.0159E-4	0
314.26	0.00580977	0.00129593	0
314.72	0.00380437	-4.9745E-4	0
315.17	0.00420173	8.166E-5	0
315.63	0.0045889	-9.689E-5	0
316.08	0.00378222	0.00119396	0
316.54	0.0052144	0.00109951	0
316.99	0.00638388	0.00164815	0
317.45	0.0085873	9.8475E-4	0
317.9	0.00357756	-3.0103E-4	0
318.36	0.00344644	2.7036E-4	0
318.81	0.00471028	0.00106904	0
319.27	0.00486045	0.00133168	0
319.72	0.00483033	0.00297983	0
320.17	0.00771949	-5.2548E-4	0
320.63	0.00435545	2.3217E-4	0
321.08	0.00223885	-7.1175E-4	0
321.54	0.00390803	0.00181898	0
321.99	0.00305572	0.00183441	0
322.45	0.00323469	0.00113018	0
322.9	0.00500176	9.9998E-4	0
323.36	0.00554043	8.6734E-4	0
323.81	0.00209754	4.1844E-4	0
324.26	0.00478027	1.5559E-4	0
324.72	0.0041149	8.8786E-4	0
325.17	0.0048671	7.72E-6	0
325.63	0.0040963	8.673E-5	0
326.08	0.00402143	-5.87E-5	0
326.54	0.00435545	7.3734E-4	0
326.99	0.00543368	0.0014694	0
327.44	0.00579515	1.1233E-4	0
327.9	0.00292327	2.0658E-4	0
328.35	0.00166917	-2.6528E-4	0
328.8	0.00468458	0.00109443	0
329.26	0.00882784	-2.2953E-4	0
329.71	0.00549481	0.00176027	0
330.17	0.00442012	1.8119E-4	0
330.62	0.00709931	0.00166074	0
331.07	0.00259369	0.00214052	0
331.53	0.00542925	9.953E-5	0
331.98	0.0054102	6.4797E-4	0
332.43	0.00289226	-5.7139E-4	0
332.89	0.0036954	0.00130365	0
333.34	0.00530034	9.0573E-4	0
333.79	0.00939176	4.0056E-4	0
334.25	0.00660449	-7.7817E-4	0
334.7	0.00354655	0.00160224	0
335.15	0.00235802	0.00177307	0
335.6	0.00525781	0.00248746	0
336.06	0.00458004	3.1383E-4	0
336.51	0.00309116	0.00121956	0
336.96	0.00499866	0.00107148	0
337.42	0.00593336	-8.937E-5	0
337.87	0.00296535	0.00124495	0
338.32	0.00496411	3.9792E-4	0
338.77	0.00572427	8.4946E-4	0
339.23	0.00559492	0.00110987	0
339.68	0.00567953	9.5407E-4	0
340.13	0.00672099	0.00202047	0
340.58	0.00334145	0.00124251	0
341.04	0.00438114	0.00115578	0
341.49	0.00516655	-5.9698E-4	0
341.94	0.00352972	-1.1477E-4	0
342.39	0.00269735	0.00109951	0
342.85	0.00517453	-2.8072E-4	0
343.3	0.00706298	-0.0010077	0
343.75	0.00314122	9.1081E-4	0
344.2	0.00277531	7.1439E-4	0
344.65	0.00562194	0.00257927	0
345.11	0.00494196	0.00116329	0
345.56	0.0020342	0.00103573	0
346.01	0.00654867	5.0761E-4	0
346.46	0.00513112	-7.902E-5	0
346.91	0.00612784	0.0011251	0
347.36	0.00642286	0.00105117	0
347.82	0.00402498	4.03E-4	0
348.27	0.00331487	0.00103065	0
348.72	0.00415743	6.634E-4	0
349.17	0.00537121	2.0658E-4	0
349.62	0.00750995	-3.6237E-4	0
350.07	0.00435545	0.0011507	0
350.52	0.0046301	-2.3989E-4	0
350.98	0.00336183	-1.0969E-4	0
351.43	0.00402941	0.00118888	0
351.88	0.00476609	-5.098E-5	0
352.33	-8.935E-4	0.00156141	0
352.78	0.00104058	0.00112246	0
353.23	0.00559847	3.1626E-4	0
353.68	0.00332151	0.00202576	0
354.13	0.00263046	0.00101542	0
354.58	0.00622618	0.00162763	0
355.04	0.00298219	0.00137515	0
355.49	0.00178701	0.00113282	0
355.94	0.00525559	6.7356E-4	0
356.39	0.0024794	7.4242E-4	0
356.84	0.00560733	6.886E-5	0
357.29	0.00398245	7.0159E-4	0
357.74	0.00563302	0.00168126	0
358.19	0.00438867	3.0367E-4	0
358.64	0.00401257	0.0020154	0
359.09	7.4998E-4	0.00170157	0
359.54	0.00687693	8.5211E-4	0
359.99	0.00830999	0.00234466	0
360.44	0.00564852	0.00194654	0
360.89	0.00413971	8.5982E-4	0
361.34	0.00321918	-5.9434E-4	0
361.79	0.00451581	-5.3584E-4	0
362.24	0.00426198	0.00112003	0
362.69	0.00189155	3.3678E-4	0
363.14	0.00225879	0.00131645	0
363.59	0.00114822	0.002393	0
364.04	0.00277398	0.002393	0
364.49	0.00417736	0.00120412	0
364.94	0.00645742	0.00250777	0
365.39	0.00308009	0.00115313	0
365.84	0.0074156	8.5718E-4	0
366.29	0.00364312	6.1729E-4	0
366.74	0.00554708	9.953E-5	0
367.19	0.00430406	7.0667E-4	0
367.64	0.00303136	-1.7855E-4	0
368.09	0.00369097	9.7459E-4	0
368.54	0.00458137	0.00232922	0
368.99	8.4345E-4	0.00244907	0
369.43	0.00485824	0.00119132	0
369.88	8.3237E-4	0.00142613	0
370.33	0.00482501	0.00187768	0
370.78	0.00579294	-2.64E-6	0
371.23	0.00593868	1.9398E-4	0
371.68	0.00464472	0.00166074	0
372.13	0.00359882	0.00187768	0
372.58	0.00469034	0.0014822	0
373.03	0.00363426	0.00207166	0
373.47	0.00526135	0.00111495	0
373.92	0.00407814	0.00193902	0
374.37	0.01008415	9.4392E-4	0
374.82	0.00291441	0.00138023	0
375.27	0.00360857	0.00191851	0
375.72	0.00438424	0.00107148	0
376.17	0.00401833	0.00124759	0
376.61	0.00517984	0.00277325	0
377.06	0.00744661	0.00215576	0
377.51	0.00717727	9.49E-4	0
377.96	0.00561707	4.7206E-4	0
378.41	0.00565827	0.00197965	0
378.86	0.00242137	9.0309E-4	0
379.3	0.00507087	0.00311003	0
379.75	0.00316603	0.00203591	0
380.2	0.00374767	0.00132152	0
380.65	0.0031204	0.00130121	0
381.09	0.00616372	0.00183949	0
381.54	0.0049743	2.295E-5	0
381.99	0.00494063	0.0015537	0
382.44	0.00716398	-2.5776E-4	0
382.89	0.0035275	0.00228332	0
383.33	0.0041375	9.0065E-4	0
383.78	0.00692831	7.2718E-4	0
384.23	0.00453131	0.00207674	0
384.68	0.00366439	0.00121956	0
385.12	0.00485602	8.4703E-4	0
385.57	0.00371666	0.00158173	0
386.02	0.00266191	0.00161748	0
386.47	0.00431956	0.00148727	0
386.91	0.00442234	0.00156385	0
387.36	0.00437228	8.2915E-4	0
387.81	0.00495303	-7.658E-5	0
388.25	0.00181492	0.00310475	0
388.7	0.00410826	0.0013981	0
389.15	0.00354434	8.3179E-4	0
389.59	0.00430627	5.919E-4	0
390.04	0.00611144	0.00284211	0
390.49	0.0046013	0.00120676	0
390.93	0.00374102	0.00119132	0
391.38	8.904E-4	2.6792E-4	0
391.83	0.00468901	4.2087E-4	0
392.27	0.00488393	0.00195426	0
392.72	0.00333613	3.4186E-4	0
393.17	0.00439753	-5.3584E-4	0
393.61	0.00261717	0.00181146	0
394.06	0.00345397	4.9237E-4	0
394.51	0.00811109	9.5164E-4	0
394.95	0.00255027	8.3423E-4	0
395.4	0.00701248	0.00131645	0
395.85	0.00538938	0.00214296	0
396.29	0.00401479	0.00127298	0
396.74	0.00569947	0.00223741	0
397.18	0.00459023	0.00137007	0
397.63	0.00756799	0.00239057	0
398.08	0.0057699	6.5304E-4	0
398.52	0.00323912	-7.72E-6	0
398.97	0.00439753	5.3584E-4	0
399.41	0.0057699	0.00217627	0
399.86	0.00538362	1.6839E-4	0.00115923
400.3	0.00741338	0.00102314	4.5067E-4
400.75	0.00574864	0.0013394	0.00296217
401.19	0.00269292	0.0017424	0.00231821
401.64	0.0024382	0.00109199	0.00154556
402.09	0.00566979	7.8325E-4	0.00160991
402.53	-0.00245902	8.649E-4	5.7962E-4
402.98	0.00568839	0.00112003	0.00148122
403.42	0.00332151	0.00218379	9.016E-4
403.87	0.00255736	8.3931E-4	-0.00115923
404.31	0.00126296	5.3828E-4	7.0831E-4
404.76	0.00547266	1.0461E-4	0.0018032
405.2	0.00393461	6.9143E-4	6.4396E-4
405.65	0.00197173	0.00293636	0.00135227
406.09	0.00399264	4.8465E-4	-6.434E-5
406.54	0.00511428	0.00168634	0.00212518
406.98	0.00532559	0.00142613	-1.2869E-4
407.43	0.00262071	0.00106132	0.00160991
407.87	0.00467484	0.0014109	0.00231821
408.32	0.00360325	0.00136235	9.016E-4
408.76	0.00108266	0.00220674	0.00289783
409.21	0.00193629	-4.4139E-4	9.6594E-4
409.65	0.00638388	7.1175E-4	9.6594E-4
410.09	0.00197838	0.0011507	0.00373483
410.54	0.00330601	-2.9595E-4	0.00225387
410.98	0.00637414	0.00229855	9.016E-4
411.43	0.00395366	6.8107E-4	-6.434E-5
411.87	0.00231549	0.00169405	0.00160991
412.32	0.00650083	0.00126546	-0.00122358
412.76	0.0057008	0.00143121	0.00122358
413.2	0.00420616	0.00101278	0.00122358
413.65	0.00902453	0.00104609	-0.00109463
414.09	0.006787	0.00290325	0.00167425
414.54	0.00346194	0.00101785	0.00141661
414.98	0.00647425	0.00145924	0.00103029
415.42	0.00328165	0.00125003	0.00244716
415.87	0.00245016	5.4336E-4	-1.9329E-4
416.31	0.00176707	3.4694E-4	0.00160991
416.76	0.0035811	0.00268388	0.00225387
417.2	0.00810001	0.0024186	0.00450773
417.64	0.00581642	5.3584E-4	7.0831E-4
418.09	0.00615131	9.4656E-4	-0.00128792
418.53	0.00221449	0.00213036	0.00244716
418.97	0.00545582	-3.317E-4	0.00264019
419.42	0.00209533	6.0978E-4	0.00302652
419.86	0.0036511	0.00109707	0.00302652
420.3	0.0027031	0.00330381	-2.5764E-4
420.75	5.5063E-4	0.00168898	0.00173859
421.19	0.00287853	0.00244399	0.00212518
421.63	0.00383671	-0.00103573	0.00270454
422.08	0.00467351	0.00208954	0.00109463
422.52	0.00301763	0.0021584	0.00218952
422.96	0.00271418	9.9754E-4	7.7265E-4
423.4	0.00379684	-1.1233E-4	-0.00296217
423.85	0.0068437	0.00220166	0.00148122
424.29	0.00374235	-2.6528E-4	0.00173859
424.73	0.0057287	0.00199508	0.00160991
425.18	0.005606	0.00176027	0.00128792
425.62	0.00291441	0.00180618	0.00135227
426.06	0.0027443	0.0010205	0.0025115
426.5	0.00242712	0.00270947	0.00135227
426.95	0.00448568	0.00261502	0.00302652
427.39	0.00191503	0.00155105	0.00373483
427.83	0.00246832	0.00131888	0.00598869
428.27	0.00562283	0.00206902	0.0051517
428.72	0.00622928	0.00273994	0.00360614
429.16	0.00624168	0.00354106	0.00367048
429.6	0.00452777	0.00313542	0.00199623
430.04	0.00299105	0.00237005	0.00212518
430.48	0.00600911	0.0024058	7.7265E-4
430.93	0.00398821	0.0021584	0.00347745
431.37	0.00464826	0.00270175	0.0042501
431.81	0.00493974	0.00239057	0.00244716
432.25	0.00575838	0.00337267	0.00135227
432.69	0.00692477	0.00327314	-0.00167425
433.14	0.00558385	0.00320692	0.00354179
433.58	7.8099E-4	0.00484471	0.00225387
434.02	0.00358332	0.0036865	0.00418575
434.46	0.00254363	0.00490849	0.00225387
434.9	0.0053814	0.00389064	0.00186754
435.34	0.00310224	0.00571469	-5.1527E-4
435.79	0.00328475	0.00620463	0.00193189
436.23	0.00611676	0.00575044	0.0025115
436.67	0.0052144	0.0051561	-0.00206058
437.11	0.00157659	0.00528102	0.00238256
437.55	0.00180606	0.006554	0.00167425
437.99	0.0029153	0.00762304	8.3725E-4
438.43	0.00311242	0.0074904	0.00244716
438.87	0.0046992	0.00690114	-9.016E-4
439.32	0.0033605	0.00767402	5.7962E-4
439.76	0.00219899	0.00893685	0.00379943
440.2	0.00595906	0.00984522	0.00135227
440.64	0.00475945	0.01048303	0.00495841
441.08	0.00245592	0.01161321	4.5067E-4
441.52	0.00643748	0.01307753	0.00141661
441.96	0.00382696	0.01321525	-0.00238256
442.4	0.00442898	0.01587373	0.00154556
442.84	0.00501771	0.016736	0.00186754
443.28	0.00517098	0.01801405	0.00528039
443.72	0.00658633	0.01927708	0.00160991
444.16	0.0015066	0.02214194	0.00283348
444.6	0.00465358	0.02286912	3.8633E-4
445.04	0.00109506	0.02680059	7.0831E-4
445.48	0.00412155	0.03171152	8.3725E-4
445.92	0.00494639	0.03942393	0.00167425
446.36	0.00132409	0.04354166	0.00206058
446.8	0.00373792	0.05882085	0.00122358
447.24	0.00490741	0.08960633	0.00302652
447.68	0.00382563	0.19304276	0.00148122
448.12	0.00647868	0.49688499	-7.0831E-4
448.56	0.00505847	1.11766202	0.00154556
449	0.00343846	1.28705749	-1.2869E-4
449.44	0.00368875	1.28660086	0.00199623
449.88	0.00241694	1.28649626	8.3725E-4
450.32	0.00598342	1.28681516	-0.00115923
450.76	0.00503322	1.28671319	0.00193189
451.2	0.00700584	1.2868306	0.00225387
451.64	0.00298219	1.28663154	0.00244716
452.08	0.00403384	1.28676682	0.00186754
452.52	0.00471161	1.28679221	-5.7962E-4
452.96	0.00192301	0.76582138	0.00135227
453.4	0.00413838	0.25167735	0.00122358
453.84	0.00595241	0.12408338	0.00418575
454.28	0.00414946	0.07672278	0.00103029
454.72	0.00362186	0.05521601	0.00141661
455.16	0.00349871	0.04382725	5.7962E-4
455.6	0.00238017	0.0365156	0
456.04	0.00569504	0.02871138	0.00457208
456.47	0.00506865	0.02551725	9.016E-4
456.91	0.00693141	0.02407324	0.00238256
457.35	0.00617834	0.02159858	0.00328416
457.79	0.00426951	0.01940972	0.00231821
458.23	0.00249712	0.01664154	0.00328416
458.67	0.00660538	0.01526903	-6.434E-5
459.11	0.00648621	0.01586602	0.00412141
459.55	0.00489633	0.01463387	0.00160991
459.98	8.1111E-4	0.01419248	0.00309086
460.42	0.00386152	0.01070484	0.00225387
460.86	0.00503189	0.01036562	0.00206058
461.3	0.00363116	0.00948548	0.00154556
461.74	0.00858597	0.01148301	0.00392812
462.18	0.00764241	0.00946253	9.016E-4
462.61	0.00515902	0.00952123	0.00122358
463.05	0.00400593	0.0080364	0.00257585
463.49	0.00512447	0.00941663	-6.4396E-4
463.93	0.00775493	0.00743434	0.00212518
464.37	0.00503189	0.00535496	0.00367048
464.8	0.00547797	0.00704129	0.00283348
465.24	0.00636749	0.0060923	7.7265E-4
465.68	0.00560068	0.00568666	5.7962E-4
466.12	0.00156773	0.00645711	0.0025115
466.56	0.00482058	0.00475798	0.00289783
466.99	0.00624921	0.00378095	0.00128792
467.43	0.00380127	0.00425037	0.0042501
467.87	0.00620802	0.00564075	0.00115923
468.31	0.00772923	0.00502854	0.00218952
468.74	0.00295339	0.00542138	0.00103029
469.18	0.00276645	0.00283947	0.00283348
469.62	0.00572516	0.00505149	7.0831E-4
470.06	0.008407	0.00456927	0.00160991
470.49	0.00461149	0.0045642	0.00276914
470.93	-1.2005E-4	0.00248746	0.00231821
471.37	0.00452688	0.0027375	0.00360614
471.8	-2.5383E-4	0.0041941	0.00115923
472.24	0.00868741	0.00479109	0.00315547
472.68	0.00598431	0.00435498	0.00173859
473.12	0.00325728	0.00278585	0.00154556
473.55	0.00194161	0.00474518	6.4396E-4
473.99	0.00417958	0.00114542	0.00148122
474.43	0.00553733	0.00298755	0.00321981
474.86	0.00331487	0.0032707	0.00392812
475.3	0.00229113	0.00409721	0.00399246
475.74	0.00446664	0.00426317	0.00122358
476.17	0.00205413	0.00217627	0.00624633
476.61	0.00450562	0.0045386	0.00315547
477.05	0.0039984	0.00385997	0.0025115
477.48	0.00618365	0.00267372	0.00199623
477.92	0.0029689	0.00245171	0.00141661
478.35	0.00484052	0.00329873	0.00502275
478.79	0.00348852	0.00414312	9.016E-4
479.23	0.00346637	0.00479373	0.00508735
479.66	0.00451448	0.00659747	0.00418575
480.1	0.00184947	0.0046229	0.00289783
480.54	0.00560733	0.00447746	0.00341285
480.97	0.00100469	0.00468912	0.00354179
481.41	-9.569E-5	0.00491621	0.00264019
481.84	0.00703817	0.00618167	0.00405681
482.28	0.00634933	0.00506673	0.00341285
482.71	0.00293877	0.00662286	0.00167425
483.15	0.005606	0.00409214	0.00431444
483.59	0.00473819	0.00541874	0.00283348
484.02	0.00456365	0.00536511	0.00579566
484.46	0.00481172	0.00505149	0.00457208
484.89	0.0030256	0.00530905	0.00586
485.33	0.00722866	0.00499015	0.00315547
485.76	0.00383361	0.00481424	0.00347745
486.2	0.0058554	0.00344661	0.00418575
486.63	0.00507308	0.00792915	0.00450773
487.07	0.00432754	0.00529382	0.0042501
487.5	0.0021064	0.00571469	0.00598869
487.94	0.00252724	0.00723528	0.00792058
488.37	0.00296447	0.00819443	0.00714793
488.81	0.00495968	0.00825069	0.00869349
489.24	0.00341498	0.00994719	0.00933745
489.68	0.00385354	0.01282241	0.00804953
490.11	0.00403915	0.01330706	0.00837151
490.55	0.00512979	0.01281733	0.00695464
490.98	0.00565295	0.01449351	0.00785623
491.42	0.00460928	0.01433791	0.00953048
491.85	0.00548019	0.01330198	0.00772754
492.29	0.00396473	0.01166155	0.00598869
492.72	0.00335297	0.01189636	0.00605329
493.16	0.00645609	0.00982734	0.00392812
493.59	0.00600247	0.01059007	0.00540933
494.03	0.00962344	0.00978651	0.00579566
494.46	0.00239789	0.01240661	0.01049643
494.89	0.00392043	0.01149316	0.00907981
495.33	0.00593204	0.01188621	0.00637528
495.76	0.00603658	0.0121131	0.00734122
496.2	0.00660227	0.01102131	0.00624633
496.63	0.00495614	0.01093965	0.00412141
497.06	0.00892574	0.01271272	0.00901547
497.5	0.0070838	0.01255713	0.00998141
497.93	0.00287631	0.01400865	0.01062537
498.37	0.0022012	0.01334281	0.00888652
498.8	0.00433773	0.01531494	0.00927285
499.23	0.00471914	0.01743495	0.0085002
499.67	0.0062058	0.0159298	0.01088275
500.1	0.00717196	0.01948365	0.01178435
500.53	0.00705589	0.01897341	0.01680736
500.97	0.00645166	0.02133838	0.01970519
501.4	0.00464339	0.02435396	0.02936436
501.83	0.00402276	0.03233409	0.04024737
502.27	0.00592096	0.04866445	0.04211466
502.7	0.00621245	0.06372427	0.03986079
503.13	0.00741205	0.0688828	0.03561069
503.57	0.00712943	0.06396152	0.02756142
504	0.0073589	0.05745586	0.02511426
504.43	0.00870735	0.04900367	0.02170142
504.87	0.00629484	0.04290893	0.01925426
505.3	0.00498759	0.03760232	0.01732237
505.73	0.00718392	0.03407141	0.01906123
506.17	0.00554929	0.03212244	0.01603445
506.6	0.00219899	0.03318376	0.01403822
507.03	0.00773721	0.03208912	0.01712934
507.46	0.00536457	0.02988746	0.01642078
507.9	0.00783068	0.02954053	0.01635643
508.33	0.00647204	0.02812719	0.01603445
508.76	0.00733542	0.02856594	0.01307228
509.19	0.0083915	0.02573662	0.01590576
509.63	0.00646185	0.02828278	0.01758001
510.06	0.01199121	0.02977514	0.01255726
510.49	0.00887878	0.02751741	0.01603445
510.92	0.01150835	0.02896914	0.01822397
511.36	0.00944315	0.02833133	0.0202202
511.79	0.00740319	0.03016818	0.01622774
512.22	0.00709488	0.03139017	0.01745132
512.65	0.00810976	0.02809408	0.01455349
513.08	0.01230484	0.02798175	0.01764436
513.52	0.01344465	0.02875992	0.01886793
513.95	0.0121715	0.03222705	0.01790199
514.38	0.01335339	0.03144116	0.01719368
514.81	0.01173649	0.03052791	0.01873924
515.24	0.01191014	0.0310865	0.01964059
515.67	0.00871975	0.03492108	0.01712934
516.11	0.01204702	0.03334951	0.01899662
516.54	0.01545758	0.03484186	0.02073548
516.97	0.01292148	0.03462005	0.01983388
517.4	0.01470539	0.0361711	0.02009151
517.83	0.0133813	0.0329847	0.02208774
518.26	0.01404224	0.03808453	0.02575823
518.69	0.01167536	0.03576039	0.01989822
519.13	0.0207433	0.03378074	0.02125049
519.56	0.0187503	0.03604354	0.02292474
519.99	0.02178343	0.03679368	0.01931861
520.42	0.02062059	0.03444394	0.01906123
520.85	0.02333698	0.03625276	0.02131484
521.28	0.02647732	0.0381993	0.02105746
521.71	0.02836887	0.03708191	0.0202202
522.14	0.02175906	0.03642379	0.01700039
522.57	0.02946083	0.03312242	0.02253842
523	0.03025865	0.03424488	0.02073548
523.43	0.03553064	0.03401799	0.02189445
523.87	0.03608038	0.0324515	0.01964059
524.3	0.03768621	0.03381629	0.01983388
524.73	0.0376995	0.03452052	0.01758001
525.16	0.0376995	0.03399747	0.01989822
525.59	0.0376995	0.03298714	0.01803068
526.02	0.0376995	0.03532408	0.0177087
526.45	0.0376995	0.03292092	0.01970519
526.88	0.0376995	0.03273201	0.0195119
527.31	0.0376995	0.03222176	0.02015586
527.74	0.0376995	0.03297698	0.01906123
528.17	0.0376995	0.03401027	0.0186103
528.6	0.0376995	0.03115029	0.02157247
529.03	0.0377	0.0346558	0.02318238
529.46	0.0376995	0.03469399	0.02260276
529.89	0.0376995	0.03491092	0.02176576
530.32	0.0376995	0.03542117	0.0236333
530.75	0.0376995	0.03720947	0.02298934
531.18	0.0376995	0.03485466	0.02228078
531.61	0.0376995	0.0372759	0.02517861
532.04	0.0376995	0.03601815	0.02260276
532.47	0.0376995	0.03610996	0.02395529
532.9	0.0376995	0.03686254	0.02678851
533.32	0.0376995	0.0361839	0.0278834
533.75	0.0376995	0.03798764	0.02408398
534.18	0.0376995	0.03682171	0.02556519
534.61	0.0376995	0.03955413	0.02678851
535.04	0.0376995	0.03437772	0.02266736
535.47	0.0376995	0.03679612	0.0262735
535.9	0.0376995	0.03855395	0.02556519
536.33	0.0376995	0.03808453	0.02543624
536.76	0.0376995	0.04065608	0.02575823
537.19	0.0376995	0.03706912	0.02511426
537.62	0.0376995	0.04222522	0.03232654
538.04	0.0376995	0.03993682	0.0329705
538.47	0.0376995	0.04169709	0.03194021
538.9	0.04705139	0.04315634	0.03219785
539.33	0.04591735	0.04307976	0.03380775
539.76	0.04359521	0.04400336	0.03419408
540.19	0.04364305	0.04276857	0.03335682
540.62	0.03861205	0.04235521	0.03374341
541.04	0.04203147	0.04741442	0.03219785
541.47	0.0406684	0.04520504	0.03361446
541.9	0.03820273	0.04500862	0.03516002
542.33	0.04143964	0.04713635	0.03831549
542.76	0.04308666	0.04859295	0.04005408
543.19	0.04369754	0.0490904	0.04288756
543.61	0.04459459	0.05307041	0.04539881
544.04	0.0408354	0.05130242	0.0430806
544.47	0.04155437	0.05252177	0.04494814
544.9	0.04493835	0.05207023	0.04836124
545.33	0.04774024	0.05587677	0.04797466
545.75	0.04445549	0.05855801	0.04642936
546.18	0.04903642	0.05891002	0.05151645
546.61	0.04703367	0.06174442	0.05351268
547.04	0.05107415	0.06216549	0.05492955
547.46	0.05033747	0.06349981	0.05641051
547.89	0.05632532	0.06480082	0.05885767
548.32	0.05811897	0.06931404	0.06143352
548.75	0.05622387	0.0714442	0.06201314
549.17	0.06453076	0.07608233	0.06523269
549.6	0.06159996	0.07984784	0.07122164
550.03	0.06752181	0.08146532	0.07424816
550.46	0.0694426	0.0829528	0.0769527
550.88	0.07161235	0.0818864	0.07753231
551.31	0.07792092	0.08902722	0.08204005
551.74	0.078099	0.09261683	0.08339232
552.16	0.07824696	0.09628281	0.08886599
552.59	0.08037108	0.10122197	0.08886599
553.02	0.08876922	0.09997195	0.09594958
553.44	0.08887155	0.10482946	0.09936242
553.87	0.09873421	0.10825067	0.10612402
554.3	0.09589777	0.1106973	0.10612402
554.72	0.10319287	0.11052119	0.11256364
555.15	0.10618392	0.11658038	0.11636281
555.58	0.10774855	0.1228947	0.11893866
556	0.11530679	0.13135197	0.12608659
556.43	0.11785617	0.13054577	0.13123829
556.86	0.12177395	0.13756919	0.13548838
557.28	0.12858531	0.14222012	0.1351664
557.71	0.13145985	0.14378133	0.13400743
558.14	0.13332793	0.14867966	0.14521216
558.56	0.13397336	0.15481279	0.14688641
558.99	0.13735424	0.15893824	0.1537767
559.41	0.14218235	0.15677212	0.15789811
559.84	0.15889712	0.16348964	0.16485275
560.27	0.1619843	0.1734291	0.17837595
560.69	0.1679562	0.17528891	0.17856924
561.12	0.17045553	0.18597343	0.18597455
561.54	0.17377749	0.18946595	0.19112624
561.97	0.18853692	0.19817834	0.19949775
562.39	0.19309836	0.20584485	0.20303954
562.82	0.19082716	0.20906701	0.21192606
563.25	0.19683628	0.21577924	0.21353597
563.67	0.2177519	0.2226751	0.22731655
564.1	0.21185884	0.23099465	0.23485081
564.52	0.22089754	0.24114334	0.24051777
564.95	0.22531412	0.24124043	0.24451024
565.37	0.23976701	0.25111368	0.25307478
565.8	0.23498984	0.25146813	0.26782156
566.22	0.25025383	0.25805036	0.27709441
566.65	0.26294939	0.26962274	0.27696572
567.07	0.26637899	0.28444003	0.29448138
567.5	0.27788956	0.29158614	0.30800433
567.92	0.29466015	0.30984516	0.32545565
568.35	0.30527721	0.32294564	0.34161879
568.77	0.33070376	0.33066821	0.35964973
569.2	0.33934688	0.35264176	0.38476399
569.62	0.35956834	0.38150365	0.41715487
570.05	0.3783873	0.39939278	0.44993234
570.47	0.42354714	0.41688643	0.48193715
570.9	0.45414512	0.45472864	0.53538548
571.32	0.4743741	0.48450641	0.59263325
571.74	0.53681485	0.54523805	0.65071801
572.17	0.59055535	0.60060966	0.74409174
572.59	0.68178935	0.66825259	0.85066643
573.02	0.77318681	0.75558068	0.93689223
573.44	0.85596287	0.84663366	1.00173859
573.87	0.94725357	0.92381042	1.04301625
574.29	0.98167718	0.98672585	1.03992539
574.71	1	1	1
575.14	0.98879465	0.99865532	0.9611695
575.56	0.95902107	0.96892345	0.91055439
575.99	0.90374652	0.92244035	0.869792
576.41	0.86059429	0.85714715	0.80198346
576.83	0.80628766	0.80440072	0.75767929
577.26	0.7448268	0.75705272	0.71627268
577.68	0.70718046	0.71450108	0.68761663
578.1	0.6827617	0.69073395	0.67409368
578.53	0.65182218	0.66424719	0.66179405
578.95	0.63894633	0.64525591	0.64402075
579.37	0.63224305	0.63894159	0.63687283
579.8	0.63518316	0.6312371	0.65458178
580.22	0.62274099	0.6261653	0.6449867
580.64	0.61538475	0.62872161	0.66005546
581.07	0.63457981	0.6340331	0.67016556
581.49	0.64552424	0.64637857	0.68690832
581.91	0.64190415	0.65735377	0.68999944
582.34	0.66500768	0.65074879	0.71002635
582.76	0.67109565	0.66372922	0.71833351
583.18	0.66591137	0.67449297	0.72953825
583.61	0.68393385	0.68695056	0.73926202
584.03	0.69233863	0.69707629	0.75014478
584.45	0.71346201	0.70099496	0.76663015
584.87	0.72291756	0.71471274	0.76134977
585.3	0.73418405	0.71905248	0.77017194
585.72	0.74421371	0.72429775	0.78305119
586.14	0.74530523	0.75109306	0.78240722
586.56	0.73895235	0.74240626	0.79129375
586.99	0.75295339	0.75105995	0.79309669
587.41	0.75913704	0.74812359	0.78755866
587.83	0.75331265	0.74900373	0.79593017
588.25	0.76215954	0.74701636	0.78646403
588.68	0.74732392	0.74174793	0.78240722
589.1	0.74461993	0.74244201	0.77364939
589.52	0.74608666	0.74081438	0.76559987
589.94	0.74900992	0.73067321	0.76038382
590.36	0.74716046	0.72821886	0.76321731
590.79	0.72958761	0.72591523	0.75310721
591.21	0.72366533	0.71545516	0.75800127
591.63	0.73200455	0.71836613	0.75284957
592.05	0.73437453	0.7153276	0.7581943
592.47	0.72433734	0.71614659	0.76463392
592.89	0.72658948	0.71518724	0.76592185
593.32	0.73362455	0.71072521	0.77519469
593.74	0.73565875	0.71587095	0.78562678
594.16	0.75288783	0.72229495	0.78427451
594.58	0.74484895	0.72529022	0.79844167
595	0.76949496	0.73372454	0.78891119
595.42	0.77290197	0.74594468	0.81273753
595.84	0.7870523	0.75247593	0.82040047
596.27	0.78140687	0.75607305	0.83173415
596.69	0.80299051	0.7651657	0.84049198
597.11	0.8051545	0.77355919	0.8587803
597.53	0.81068298	0.77808763	0.86386765
597.95	0.82186751	0.78784348	0.87758389
598.37	0.83855437	0.79777522	0.88054607
598.79	0.84360664	0.80782458	0.88621278
599.21	0.85940886	0.80717641	0.90810749
599.63	0.86796869	0.82449416	0.91222864
600.05	0.85904871	0.83195145	0.92716846
600.47	0.88363979	0.84399568	0.91834628
600.89	0.87710308	0.83966102	0.93921044
601.31	0.90443979	0.84956494	0.93676354
601.74	0.90801381	0.85218504	0.93843779
602.16	0.90633134	0.85868297	0.9450061
602.58	0.91661129	0.87606693	0.95717678
603	0.93252825	0.86944915	0.96091186
603.42	0.9383646	0.87886822	0.96252177
603.84	0.93732757	0.87902889	0.96033225
604.26	0.95029822	0.88091936	0.97308254
604.68	0.95190626	0.8805316	0.98615482
605.1	0.96156071	0.87927122	0.98866632
605.52	0.96631307	0.88815972	0.99394671
605.94	0.95616248	0.89037418	0.99845444
606.36	0.98623729	0.90143631	0.9880867
606.78	0.98608712	0.89925496	1.00270454
607.2	0.97442859	0.90679127	0.99942038
607.62	0.97169005	0.90451811	1.00804953
608.03	0.99553469	0.90163517	1.00476537
608.45	0.9768535	0.90405884	1.00907981
608.87	0.98892046	0.89624954	1.01204199
609.29	0.98901614	0.90387786	1.00611764
609.71	0.99658502	0.90038007	1.01146237
610.13	0.99237664	0.89859156	0.99549227
610.55	0.99793612	0.90209951	0.99742415
610.97	1.00267963	0.90112492	1.00521604
611.39	1.00366129	0.90129331	0.99388236
611.81	1.00211881	0.8917672	0.99845444
612.23	1.0121715	0.90425019	0.99729546
612.65	0.9986325	0.8956296	0.99169284
613.07	1.00305705	0.88894804	1.00270454
613.48	0.99936476	0.88385329	0.99433329
613.9	1.00677814	0.88397069	0.99175744
614.32	0.99838531	0.88427924	0.9923368
614.74	1.00750907	0.88925679	0.99581425
615.16	1.01493928	0.88858831	0.99471961
615.58	1.02734336	0.86904087	0.99587859
616	1.01340478	0.89252485	0.98602613
616.41	1.01794141	0.8753755	0.97720395
616.83	1.02258834	0.87058177	0.98950357
617.25	1.03045667	0.8777941	0.98615482
617.67	1.02556609	0.87287037	0.98100338
618.09	1.02615482	0.86898217	0.98821565
618.51	1.03659248	0.86273692	0.97759027
618.92	1.03550671	0.86989298	0.98055245
619.34	1.03034548	0.86009631	0.98621942
619.76	1.04758475	0.86518599	0.96999168
620.18	1.03909314	0.85418256	0.96818848
620.6	1.039102	0.85700171	0.97063564
621.01	1.02853942	0.83483418	0.96142688
621.43	1.04393454	0.83507143	0.94371818
621.85	1.02720426	0.8375335	0.94854789
622.27	1.0255816	0.82913229	0.93785818
622.68	1.0139532	0.82316755	0.92588053
623.1	1.0164224	0.8175727	0.91911919
623.52	1.02586998	0.80583701	0.92079344
623.94	1.01335472	0.7965252	0.91654334
624.35	1.02333477	0.79501477	0.89664486
624.77	1.02354076	0.78888428	0.8985124
625.19	1.01483341	0.78057245	0.89922071
625.61	1.0135204	0.78870574	0.89677381
626.02	1.01814385	0.77503874	0.89773975
626.44	1.00953219	0.78013106	0.89239476
626.86	1.02417423	0.77319681	0.89413361
627.27	1.01760075	0.76693876	0.88711438
627.69	1.02638385	0.76715042	0.88228466
628.11	1.02479618	0.76556626	0.86579954
628.52	1.03271767	0.75982597	0.87417079
628.94	1.02901031	0.75154217	0.86921238
629.36	1.04073972	0.75850181	0.87243219
629.77	1.04005442	0.75613176	0.85684842
630.19	1.03601039	0.75251919	0.86953437
630.61	1.03921318	0.75059053	0.85401519
631.02	1.03503671	0.74719735	0.86489794
631.44	1.04260823	0.74178368	0.85169672
631.86	1.04555587	0.74170975	0.84313218
632.27	1.05759846	0.74742952	0.84789755
632.69	1.07617511	0.73781911	0.84004131
633.11	1.07158045	0.73264026	0.84712464
633.52	1.08508047	0.72498919	0.83398802
633.94	1.09825224	0.7241446	0.83830246
634.35	1.11114493	0.73096144	0.83566227
634.77	1.14197459	0.72053204	0.83881773
635.19	1.18261286	0.72352223	0.83714348
635.6	1.23053339	0.71485818	0.83649952
636.02	1.2893545	0.72155253	0.82999556
636.43	1.33083179	0.71448565	0.83025319
636.85	1.35049907	0.72066224	0.82046482
637.26	1.35260326	0.71317956	0.82413555
637.68	1.35883918	0.71022776	0.82188169
638.09	1.34032189	0.70642142	0.81544207
638.51	1.31536889	0.69830073	0.81222226
638.93	1.29126288	0.69623699	0.81247989
639.34	1.28964731	0.69181051	0.80629791
639.76	1.24031232	0.68634078	0.79142244
640.17	1.22673744	0.68452689	0.79419158
640.59	1.2114101	0.68177659	0.79110045
641	1.19961602	0.67762067	0.7869793
641.42	1.21172861	0.69118285	0.78717234
641.83	1.19188103	0.66877056	0.78144128
642.25	1.2064739	0.67528881	0.79335432
642.66	1.20078772	0.67543424	0.78034639
643.08	1.18023136	0.66230573	0.77989572
643.49	1.20929616	0.67293927	0.77802818
643.91	1.19305494	0.66541048	0.76611488
644.32	1.20253264	0.66410175	0.77854345
644.73	1.224472	0.65546329	0.76302402
645.15	1.21518833	0.65751464	0.76933469
645.56	1.21149825	0.65774417	0.76894837
645.98	1.2243019	0.64958285	0.76817571
646.39	1.2258807	0.6456973	0.75761468
646.81	1.22374196	0.63915853	0.74917883
647.22	1.24665501	0.63903869	0.75085334
647.63	1.24563924	0.63702309	0.73468994
648.05	1.24625455	0.63665076	0.73243608
648.46	1.24430629	0.62159602	0.74505768
648.88	1.25810134	0.62090459	0.73365966
649.29	1.27551604	0.62134334	0.72805729
649.7	1.2664224	0.62584639	0.72535249
650.12	1.27254049	0.6258336	0.72052278
650.53	1.29407053	0.62524941	0.71717428
650.95	1.29701019	0.61627661	0.72058738
651.36	1.31735525	0.60516877	0.70390871
651.77	1.32026965	0.6058141	0.69611682
652.19	1.33083976	0.60214812	0.69727606
652.6	1.33987891	0.595196	0.70358673
653.01	1.36458782	0.59345096	0.68188557
653.43	1.35758863	0.59071853	0.69373426
653.84	1.37188204	0.59508631	0.68716595
654.25	1.35926578	0.58108274	0.67525266
654.67	1.40330353	0.5801311	0.66552888
655.08	1.39648685	0.57473531	0.66997227
655.49	1.41703966	0.57569711	0.66997227
655.91	1.44886959	0.57326571	0.66243802
656.32	1.43654304	0.55968809	0.6652715
656.73	1.45462354	0.55679764	0.65116868
657.14	1.47850053	0.56180058	0.65606274
657.56	1.48738462	0.55157532	0.65387348
657.97	1.48828832	0.55592014	0.64421404
658.38	1.51841452	0.54588866	0.63983526
658.79	1.49647826	0.54984815	0.64794887
659.21	1.51325992	0.54229661	0.63339564
659.62	1.50604721	0.53660488	0.63011148
660.03	1.48443478	0.5298185	0.62708471
660.44	1.49145301	0.52516778	0.62193327
660.86	1.49616772	0.53592868	0.61800515
661.27	1.49268363	0.52702494	0.61394808
661.68	1.47849344	0.52190987	0.60345166
662.09	1.4791814	0.51089628	0.60564118
662.5	1.46644553	0.52076933	0.6102776
662.92	1.46165418	0.5077046	0.59701204
663.33	1.45260839	0.50329355	0.60010316
663.74	1.43405965	0.50351293	0.6001675
664.15	1.42458195	0.5002601	0.5849057
664.56	1.42555697	0.49097876	0.59102334
664.98	1.4189702	0.4931014	0.58986411
665.39	1.39800674	0.48936392	0.58593599
665.8	1.4089587	0.48646575	0.57621222
666.21	1.40626933	0.48371037	0.57048116
666.62	1.39884354	0.48469511	0.57460231
667.03	1.39734137	0.47714357	0.57157579
667.45	1.39833853	0.47043134	0.56874231
667.86	1.38037055	0.47770744	0.5630756
668.27	1.39879481	0.47089304	0.55740863
668.68	1.40451554	0.46593092	0.55734428
669.09	1.38815205	0.46595652	0.54555993
669.5	1.37271131	0.45472864	0.54053718
669.91	1.36748008	0.46223183	0.54581757
670.32	1.39462631	0.46007344	0.52933219
670.73	1.38644168	0.45522101	0.53454823
671.14	1.37427151	0.44642696	0.52675634
671.56	1.40040817	0.44452369	0.52746465
671.97	1.38340279	0.44372277	0.51799851
672.38	1.39582458	0.44102345	0.5089833
672.79	1.39686162	0.43703857	0.50891869
673.2	1.40179472	0.43476784	0.52173359
673.61	1.38552249	0.4325611	0.51226745
674.02	1.39472288	0.4317549	0.49764962
674.43	1.39429805	0.42452471	0.50756643
674.84	1.40757126	0.42169295	0.50164208
675.25	1.39147578	0.41503942	0.49629735
675.66	1.39886259	0.41415929	0.48824782
676.07	1.40771568	0.41556755	0.49352821
676.48	1.40965064	0.41221783	0.48509236
676.89	1.40584494	0.41029404	0.47865274
677.3	1.39738035	0.4080873	0.46880027
677.71	1.38716154	0.39764266	0.46706167
678.12	1.39618385	0.39684662	0.46880027
678.53	1.42067082	0.39450968	0.46120167
678.94	1.4136136	0.39367301	0.4555993
679.35	1.41993857	0.38707554	0.45720921
679.76	1.40607663	0.37984291	0.45018997
680.17	1.39749509	0.38359826	0.44870876
680.58	1.42704009	0.38061844	0.45018997
680.99	1.41419524	0.38439918	0.44516722
681.4	1.39640002	0.37573797	0.44407233
681.81	1.39897466	0.37083964	0.43492817
682.22	1.38769489	0.36161436	0.43441316
682.62	1.40758455	0.35983621	0.42456044
683.03	1.38335052	0.36155058	0.42919686
683.44	1.38264839	0.35453467	0.42320817
683.85	1.38102263	0.3556547	0.42559072
684.26	1.37173541	0.35388427	0.41219647
684.67	1.37734362	0.34640667	0.40981391
685.08	1.34623488	0.34601362	0.41689749
685.49	1.36595222	0.34430189	0.402344
685.9	1.33225067	0.34240634	0.40421154
686.3	1.35443855	0.34159242	0.39307115
686.71	1.32509467	0.33334437	0.39242719
687.12	1.3290027	0.33337504	0.38090022
687.53	1.31778361	0.32731585	0.38804815
687.94	1.31131512	0.32775968	0.3845707
688.35	1.3129998	0.31891728	0.38379805
688.76	1.28885038	0.31275085	0.37742277
689.16	1.29526438	0.31740442	0.37291529
689.57	1.28772519	0.32082299	0.37317267
689.98	1.28762951	0.30667134	0.36924456
690.39	1.27281204	0.30841394	0.37426756
690.8	1.25884334	0.31264888	0.36080871
691.2	1.27544826	0.3048217	0.35990736
691.61	1.25583901	0.30560251	0.35874813
692.02	1.25270975	0.30504635	0.35372538
692.43	1.24586383	0.29572418	0.35044122
692.84	1.25122663	0.29307077	0.35275944
693.24	1.22882612	0.29233099	0.34438793
693.65	1.21414333	0.28289913	0.34516058
694.06	1.20762345	0.28267712	0.34110377
694.47	1.20643181	0.2880272	0.33865662
694.87	1.20620678	0.28022541	0.33595208
695.28	1.2079929	0.28050877	0.33395585
695.69	1.20109471	0.27463584	0.33138
696.09	1.18073548	0.27522511	0.32236453
696.5	1.18685269	0.27457206	0.32983444
696.91	1.18083338	0.2677475	0.32081923
697.32	1.16323396	0.26704855	0.31483028
697.72	1.13841475	0.26711985	0.31727744
698.13	1.15048702	0.26277767	0.31019385
698.54	1.1482114	0.26271653	0.30839066
698.94	1.14657146	0.26288492	0.30748931
699.35	1.13031828	0.25357554	0.3109665
699.76	1.15376424	0.25195299	0.29918215
700.16	1.13947614	0.24965423	0.29692829
700.57	1.11767721	0.24662606	0.30092075
700.98	1.13316137	0.24611581	0.29866714
701.38	1.12415899	0.24030403	0.29370848
701.79	1.11345067	0.24421762	0.29023129
702.2	1.11419622	0.23809465	0.28546592
702.6	1.11068333	0.23893924	0.28553026
703.01	1.10999759	0.23534963	0.28108687
703.42	1.09738221	0.23088253	0.27606412
703.82	1.10896499	0.23400251	0.27181402
704.23	1.08492454	0.22957867	0.2714277
704.63	1.07348087	0.22720355	0.26769261
705.04	1.07116183	0.22422128	0.27091242
705.45	1.05876352	0.22168792	0.26531006
705.85	1.05889464	0.22001681	0.25964334
706.26	1.06388666	0.22258085	0.26395779
706.66	1.0521546	0.2169732	0.26086667
707.07	1.03101217	0.21750133	0.25854846
707.47	1.05185071	0.21335313	0.25809778
707.88	1.03815932	0.21381219	0.25165816
708.29	1.03016429	0.21373825	0.2519158
708.69	1.02601883	0.20936032	0.2494043
709.1	1.02994502	0.20474006	0.24122608
709.5	1.02030828	0.20399521	0.24174135
709.91	1.01153626	0.20009177	0.2426427
710.31	0.99530744	0.20209965	0.23749126
710.72	0.99835785	0.19798964	0.23195323
711.12	0.99566582	0.19717836	0.23407815
711.53	0.98364892	0.19655335	0.22957042
711.93	0.98463146	0.19309131	0.22667259
712.34	0.98433909	0.18950678	0.22757419
712.74	0.97352268	0.18978749	0.22596428
713.15	0.94943572	0.18899917	0.22538467
713.55	0.9480505	0.18973895	0.2172708
713.96	0.95094454	0.18574898	0.22371042
714.36	0.93692135	0.18229709	0.21540351
714.76	0.93470907	0.18136333	0.21257003
715.17	0.93296681	0.18005196	0.21598287
715.57	0.92417928	0.1767839	0.21231239
715.98	0.91029607	0.17877391	0.20831993
716.38	0.90164897	0.17714363	0.20831993
716.79	0.92341557	0.17260767	0.207032
717.19	0.90810506	0.16780115	0.207032
717.6	0.89858218	0.16929106	0.19840286
718	0.89442475	0.1709518	0.19640663
718.4	0.87578475	0.16312726	0.20336152
718.81	0.86554245	0.16286706	0.20136529
719.21	0.87699765	0.16841844	0.1969219
719.61	0.85599166	0.16174704	0.19086861
720.02	0.85988862	0.1619461	0.18964529
720.42	0.84377675	0.16051732	0.1892587
720.83	0.82770829	0.15873146	0.19099755
721.23	0.82705843	0.15597872	0.18809972
721.63	0.82638996	0.15956325	0.18249736
722.04	0.82906161	0.15892544	0.18571717
722.44	0.81257896	0.15121303	0.18468662
722.84	0.80307513	0.15225404	0.1792132
723.25	0.81523733	0.15102432	0.18230407
723.65	0.79907451	0.14976394	0.17818266
724.05	0.79989891	0.15137126	0.17464087
724.46	0.79688217	0.15051915	0.16923179
724.86	0.78669392	0.14286036	0.16987575
725.26	0.78892702	0.14136801	0.16736425
725.66	0.77606357	0.1406	0.16794387
726.07	0.76879814	0.14047752	0.16742859
726.47	0.75842384	0.13918402	0.16639831
726.87	0.76585582	0.13655377	0.16581869
727.28	0.75103615	0.13503582	0.15912169
727.68	0.75184637	0.13662771	0.16511038
728.08	0.75694958	0.13242081	0.16176188
728.48	0.75255603	0.13556395	0.15931472
728.89	0.73454021	0.13043608	0.15583753
729.29	0.72579964	0.12940523	0.15770482
729.69	0.72415615	0.13019355	0.14823868
730.09	0.7133867	0.1283439	0.15287536
730.5	0.71579921	0.12497895	0.15010622
730.9	0.69615984	0.12826997	0.1546783
731.3	0.6996581	0.12603012	0.15409868
731.7	0.68716854	0.12221078	0.14340922
732.1	0.69834863	0.12378235	0.14598481
732.51	0.68975026	0.12013668	0.14469714
732.91	0.67804168	0.11702421	0.1412197
733.31	0.6884625	0.11848345	0.14289395
733.71	0.68025839	0.11552414	0.13864385
734.11	0.6664753	0.11628179	0.14018941
734.51	0.65863355	0.11327393	0.13832187
734.92	0.65682527	0.11474353	0.13613235
735.32	0.6509743	0.11217686	0.1378712
735.72	0.64705432	0.11495275	0.13452244
736.12	0.64060576	0.11278156	0.12949969
736.52	0.62820169	0.11104932	0.12879138
736.92	0.61709069	0.11265156	0.1327195
737.32	0.6285986	0.10776582	0.12756781
737.73	0.60174076	0.10527592	0.12904876
738.13	0.61004765	0.10589078	0.12434799
738.53	0.6113487	0.105827	0.1226094
738.93	0.59396944	0.10409476	0.12351074
739.33	0.59008667	0.10338281	0.12106384
739.73	0.58643911	0.10194652	0.1241547
740.13	0.58347686	0.10197983	0.11803732
740.53	0.57929285	0.09719362	0.11926064
740.93	0.56362751	0.09852022	0.11559016
741.33	0.57817475	0.09921673	0.11732876
741.73	0.56106926	0.09699984	0.11166205
742.13	0.54822088	0.09416281	0.1174577
742.53	0.5423544	0.09708393	0.11269233
742.93	0.54085667	0.09404032	0.11037412
743.33	0.54309995	0.09483372	0.11056741
743.73	0.52384908	0.09037942	0.11018083
744.14	0.52847829	0.09059107	0.11127572
744.54	0.5121024	0.09070584	0.10786262
744.94	0.51076724	0.08531513	0.10773393
745.34	0.50750995	0.08612397	0.10541572
745.74	0.51348806	0.08574636	0.10251789
746.14	0.49096218	0.08639433	0.10316185
746.53	0.50728093	0.08646319	0.10303316
746.93	0.49780899	0.08373097	0.09981335
747.33	0.48617483	0.08457271	0.10206722
747.73	0.48773503	0.08498871	0.10213156
748.13	0.47902857	0.08360076	0.10180958
748.53	0.48664572	0.08052912	0.09865411
748.93	0.48044745	0.08146288	0.09910479
749.33	0.46893157	0.0776795	0.09891175
749.73	0.47531412	0.08224857	0.09743054
750.13	0.46338892	0.07745748	0.09704421
750.53	0.47907862	0.07812332	0.09491929
750.93	0.46603266	0.07918464	0.09498363
751.33	0.46544393	0.07608233	0.09762383
751.73	0.47070086	0.08096543	0.09427533
752.13	0.46209008	0.07645222	0.09485469
752.52	0.4596953	0.0786744	0.09974875
752.92	0.46175164	0.07522007	0.09801015
753.32	0.45348152	0.07650584	0.09363136
753.72	0.4653106	0.07583493	0.0929874
754.12	0.45963859	0.07476852	0.09227884
754.52	0.45512102	0.0763988	0.09395335
754.92	0.45775236	0.07375311	0.09215015
755.32	0.45929262	0.0763145	0.08893034
755.71	0.44698778	0.07540877	0.08847967
756.11	0.45192841	0.07548535	0.08905928
756.51	0.43966654	0.07431698	0.08976759
756.91	0.43634812	0.07350306	0.08596816
757.31	0.43666442	0.07406429	0.08751372
757.71	0.43346162	0.0727708	0.08738478
758.1	0.4258737	0.0731612	0.08133174
758.5	0.42434141	0.07007677	0.08674082
758.9	0.41391838	0.06708678	0.08397193
759.3	0.4184838	0.0693114	0.08435826
759.69	0.40754734	0.06752817	0.08113845
760.09	0.3990925	0.06716072	0.08030145
760.49	0.39761292	0.06702036	0.08255532
760.89	0.38619361	0.0638697	0.08100976
761.29	0.39004715	0.06342831	0.0786272
761.68	0.38717172	0.06437731	0.07997947
762.08	0.38194581	0.0641555	0.07669532
762.48	0.37548529	0.0608592	0.07283154
762.88	0.37617414	0.06095101	0.07605135
763.27	0.37197241	0.05938208	0.07296023
763.67	0.3583107	0.05958115	0.07476343
764.07	0.35051369	0.06091791	0.06800183
764.46	0.34709516	0.05899432	0.06909646
764.86	0.35037902	0.0579202	0.0667139
765.26	0.34025367	0.0565221	0.06664956
765.65	0.33726041	0.05764476	0.06626323
766.05	0.33973538	0.05461903	0.06581231
766.45	0.31781019	0.05149376	0.06278579
766.85	0.32315483	0.05534093	0.06375173
767.24	0.31037466	0.05471592	0.06181984
767.64	0.31399209	0.05129978	0.06265684
768.04	0.31245005	0.05126667	0.05917965
768.43	0.31288507	0.05123092	0.0608539
768.83	0.30387029	0.05263918	0.05969467
769.22	0.30832275	0.04999369	0.06207748
769.62	0.29465793	0.05263166	0.05679684
770.02	0.28704742	0.04898579	0.05975927
770.41	0.29542474	0.04847818	0.05898636
770.81	0.2826809	0.04800877	0.05518719
771.21	0.28269995	0.0452152	0.06078956
771.6	0.27855049	0.04641424	0.05454323
772	0.27218079	0.04459263	0.05679684
772.39	0.27730083	0.04620502	0.05125882
772.79	0.26619958	0.04293432	0.05312636
773.18	0.26310399	0.04413092	0.0558955
773.58	0.26334453	0.04361804	0.05389926
773.98	0.264079	0.04383233	0.05454323
774.37	0.26106094	0.04235278	0.05151645
774.77	0.251519	0.04278381	0.04932719
775.16	0.25123195	0.04005159	0.04881191
775.56	0.24892531	0.03901057	0.04745964
775.95	0.24421681	0.03769677	0.04803926
776.35	0.24108578	0.04043163	0.0464937
776.74	0.23547624	0.04083727	0.04861862
777.14	0.23000579	0.03954885	0.05003549
777.53	0.23425669	0.03998516	0.0446905
777.93	0.22603663	0.03555625	0.04346718
778.32	0.2239701	0.03845442	0.04617172
778.72	0.22830561	0.03720176	0.04385351
779.11	0.22109999	0.03708963	0.04481945
779.51	0.22077306	0.03637017	0.04385351
779.9	0.21304826	0.03656395	0.04610738
780.3	0.21633434	0.03524506	0.04411114
780.69	0.21346556	0.03383173	0.04475485
781.09	0.21454467	0.03596696	0.04147069
781.48	0.20603534	0.0338496	0.04237229
781.88	0.20239886	0.03371432	0.04262993
782.27	0.19566546	0.03377302	0.04320955
782.66	0.1963419	0.03225751	0.04095568
783.06	0.19269878	0.03302045	0.03760718
783.45	0.19356349	0.03034673	0.03741389
783.85	0.19313379	0.03326277	0.03625465
784.24	0.19081387	0.03332899	0.0397321
784.64	0.19017952	0.0310278	0.03709191
785.03	0.18634059	0.03092319	0.03477369
785.42	0.18298674	0.03152789	0.0379935
785.82	0.18638622	0.03016046	0.0363836
786.21	0.17943354	0.03099977	0.03451606
786.6	0.18135655	0.02973187	0.03670558
787	0.17597603	0.0278873	0.03541766
787.39	0.17269129	0.02893847	0.0336788
787.78	0.17439147	0.02767808	0.03432277
788.18	0.17324856	0.02635656	0.03516002
788.57	0.17137694	0.0276399	0.03355012
788.96	0.16957886	0.02832605	0.03754258
789.36	0.16334072	0.02439215	0.03503133
789.75	0.16312233	0.02828786	0.03348577
790.14	0.15904774	0.02592289	0.03136059
790.54	0.15823973	0.02537953	0.0312319
790.93	0.15521856	0.02525705	0.03264852
791.32	0.14917268	0.0254102	0.03129625
791.72	0.15480348	0.02476204	0.0287204
792.11	0.14527794	0.02389734	0.03206916
792.5	0.14366237	0.02734394	0.0312319
792.89	0.14375229	0.02323393	0.02942871
793.29	0.14769709	0.02201945	0.03045925
793.68	0.14586135	0.02263695	0.02762577
794.07	0.14386393	0.02460908	0.02826973
794.46	0.1328752	0.02436412	0.02865605
794.86	0.14396936	0.02143527	0.0262735
795.25	0.14010828	0.01978733	0.02704615
795.64	0.1411276	0.02147366	0.02839842
796.03	0.13706807	0.02106802	0.02749682
796.43	0.1312326	0.02319818	0.0278834
796.82	0.12967905	0.02039954	0.02601586
797.21	0.13139518	0.02217261	0.02665982
797.6	0.12701094	0.02024131	0.0287204
797.99	0.12385156	0.02098129	0.0253719
798.39	0.12593049	0.02213442	0.02917133
798.78	0.13018095	0.02116999	0.02691746
799.17	0.12402078	0.02022343	0.02517861
799.56	0.12983719	0.02003209	0.0269818
799.95	0.12031519	0.01972354	0
800.34	0.11637173	0.01923625	0
800.74	0.11692236	0.01994292	0
801.13	0.11545917	0.02008835	0
801.52	0.11718505	0.01905506	0
801.91	0.10527934	0.01693506	0
802.3	0.11320481	0.01821311	0
802.69	0.10459404	0.02003473	0
803.08	0.10563771	0.01804472	0
803.47	0.10590705	0.0167232	0
803.87	0.10518055	0.01573581	0
804.26	0.10844404	0.01704982	0
804.65	0.10548178	0.01648595	0
805.04	0.10825045	0.01725904	0
805.43	0.1025532	0.01727935	0
805.82	0.10106432	0.01954987	0
806.21	0.0984157	0.0176009	0
806.6	0.09512741	0.01557778	0
806.99	0.09661895	0.01713656	0
807.38	0.09179394	0.01608803	0
807.77	0.09622602	0.01430968	0
808.16	0.09199195	0.01624606	0
808.55	0.09553585	0.01480977	0
808.94	0.09575645	0.01590684	0
809.33	0.09773262	0.01567203	0
809.72	0.08913779	0.01792224	0
810.11	0.09124641	0.01643233	0
810.5	0.08977968	0.01471796	0
810.89	0.0937289	0.01520261	0
811.28	0.08739375	0.01461843	0
811.67	0.0834556	0.01492718	0
812.06	0.08849679	0.01457252	0
812.45	0.08371076	0.01616705	0
812.84	0.08325315	0.01439398	0
813.23	0.08024439	0.01379943	0
813.62	0.08233971	0.01329447	0
814.01	0.08250761	0.01292966	0
814.4	0.08153304	0.01315147	0
814.79	0.07642761	0.01352664	0
815.18	0.08225953	0.01315147	0
815.57	0.07673815	0.01439398	0
815.95	0.07389594	0.01260039	0
816.34	0.0751713	0.01326887	0
816.73	0.06979965	0.01255449	0
817.12	0.07692287	0.01199325	0
817.51	0.07470041	0.01224574	0
817.9	0.07233132	0.01250858	0
818.29	0.07321817	0.01240397	0
818.68	0.07432343	0.01134265	0
819.07	0.06792271	0.012705	0
819.45	0.06905188	0.01277142	0
819.84	0.06904081	0.01149824	0
820.23	0.06572815	0.01145498	0
820.62	0.06689764	0.01148301	0
821.01	0.06768793	0.01179419	0
821.4	0.06613659	0.01218196	0
821.78	0.06299626	0.00932461	0
822.17	0.06119596	0.01127643	0
822.56	0.06095099	0.01036298	0
822.95	0.05845166	0.0118988	0
823.34	0.06049825	0.00857468	0
823.72	0.05751385	0.01069224	0
824.11	0.06028651	0.01025329	0
824.5	0.05976821	0.00955942	0
824.89	0.05406742	0.0096232	0
825.27	0.05559749	0.0104881	0
825.66	0.05385168	0.01014361	0
826.05	0.0553884	0.01025837	0
826.44	0.05287135	0.01056204	0
826.82	0.0501647	0.01101359	0
827.21	0.05212359	0.00953139	0
827.6	0.05318853	0.00912575	0
827.98	0.05231363	0.00875058	0
828.37	0.05666332	0.00890638	0
828.76	0.05155701	0.00954663	0
829.15	0.0501616	0.00883488	0
829.53	0.04644494	0.0071587	0
829.92	0.05080792	0.00906949	0
830.31	0.04895756	0.0074189	0
830.69	0.04662081	0.00858483	0
831.08	0.04748419	0.00995226	0
831.47	0.05162833	0.0086868	0
831.85	0.04523293	0.00725823	0
832.24	0.04614548	0.00808982	0
832.63	0.04231542	0.00908492	0
833.01	0.03975496	0.00631675	0
833.4	0.04716701	0.00687047	0
833.78	0.0420607	0.00567894	0
834.17	0.04025022	0.00634478	0
834.56	0.04179447	0.00794702	0
834.94	0.04530115	0.00573764	0
835.33	0.04268266	0.00851841	0
835.71	0.03877773	0.00642136	0
836.1	0.04457642	0.00558469	0
836.49	0.03980723	0.0068857	0
836.87	0.0406963	0.00525807	0
837.26	0.0398595	0.00653876	0
837.64	0.04007302	0.00499787	0
838.03	0.04016118	0.00593671	0
838.41	0.03383621	0.00562552	0
838.8	0.03588901	0.00546729	0
839.18	0.04192692	0.00491113	0
839.57	0.03455474	0.00669944	0
839.95	0.03412415	0.00716642	0
840.34	0.03662924	0.00534216	0
840.73	0.03544071	0.00579635	0
841.11	0.03535388	0.00571977	0
841.5	0.03594571	0.00689078	0
841.88	0.03542388	0.00586277	0
842.26	0.03452816	0.00575816	0
842.65	0.03334184	0.00477341	0
843.03	0.03209926	0.00420446	0
843.42	0.03306497	0.00404887	0
843.8	0.03632978	0.0048831	0
844.19	0.03317085	0.00549024	0
844.57	0.03021081	0.00506673	0
844.96	0.02940634	0.00389836	0
845.34	0.03188308	0.00437285	0
845.73	0.03042211	0.00560764	0
846.11	0.03179094	0.00401048	0
846.49	0.03248953	0.00475554	0
846.88	0.03444576	0.0046942	0
847.26	0.02884065	0.00520444	0
847.65	0.02866611	0.00337267	0
848.03	0.02510849	0.00460502	0
848.41	0.02991578	0.00405131	0
848.8	0.02417733	0.00358453	0
849.18	0.02566045	0.00432695	0
849.56	0.03302599	0.00410493	0
849.95	0.02561615	0.00430399	0
850.33	0.02461101	0.00356158	0
850.71	0.0258877	0.00418151	0
851.1	0.02558913	0.00434726	0
851.48	0.02339723	0.00406146	0
851.86	0.02760915	0.0054289	0
852.25	0.0248737	0.00284963	0
852.63	0.0233959	0.0041482	0
853.01	0.02327807	0.00285999	0
853.4	0.02536675	0.00443399	0
853.78	0.02569943	0.00411265	0
854.16	0.02275401	0.00406654	0
854.55	0.02439528	0.00358697	0
854.93	0.01956805	0.0035309	0
855.31	0.02356202	0.00329102	0
855.69	0.02010451	0.00229104	0
856.08	0.02390445	0.00225529	0
856.46	0.02382338	0.00237005	0
856.84	0.02319257	0.00365847	0
857.22	0.02084651	0.00408442	0
857.61	0.02277173	0.00190571	0
857.99	0.02303309	0.0028088	0
858.37	0.01864	0.00237777	0
858.75	0.0206609	0.00272471	0
859.13	0.02864175	0.00317381	0
859.52	0.02215997	0.00133432	0
859.9	0.02103035	0.00288802	0
860.28	0.01724902	0.0015996	0
860.66	0.01847742	0.00328858	0
861.04	0.02203637	0.00105624	0
861.43	0.02262289	0.00337531	0
861.81	0.02405241	0.00358453	0
862.19	0.02160579	0.00266357	0
862.57	0.01892262	0.00154862	0
862.95	0.01491005	0.00140826	0
863.33	0.02270263	7.2454E-4	0
863.71	0.01720339	0.00244399	0
864.1	0.01578362	0.00208182	0
864.48	0.01864	0.00166846	0
864.86	0.01479664	0.0011507	0
865.24	0.01687071	0.00242875	0
865.62	0.01712099	0.00175784	0
866	0.01376404	0.00170929	0
866.38	0.01418222	0.00264569	0
866.76	0.01687071	0.00280372	0
867.14	0.01657258	7.0667E-4	0
867.52	0.01308184	0.00165059	0
867.9	0.01743817	0.00146696	0
868.28	0.01424114	0.00198493	0
868.67	0.01390535	0.00222725	0
869.05	0.01393769	0.00333184	0
869.43	0.01384289	0.00392882	0
869.81	0.01533088	0.0022756	0
870.19	0.01479531	0.00212772	0
870.57	0.01282934	0.00224513	0
870.95	0.01034108	0.00182162	0
871.33	0.01474437	0.00121692	0
871.71	0.01067377	2.1937E-4	0
872.09	0.01148487	7.4242E-4	0
872.47	0.01549745	0.0021584	0
872.85	0.01189242	0.0020154	0
873.23	0.01286699	0.00130365	0
873.61	0.0173292	0.00237269	0
873.99	0.00972223	8.4439E-4	0
874.36	0.01102107	7.6801E-4	0
874.74	0.01697658	0.00108935	0
875.12	0.01119339	0.00108692	0
875.5	0.01141931	7.5765E-4	0
875.88	0.01269334	6.6848E-4	0
876.26	0.01168422	0.0010205	0
876.64	0.01315183	-2.2201E-4	0
877.02	0.01060023	0.00264305	0
877.4	0.01057587	4.4139E-4	0
877.78	0.01043544	0.00160224	0
878.16	0.01126914	8.9557E-4	0
878.54	0.01001814	9.6443E-4	0
878.91	0.01149816	0.00191851	0
879.29	0.0127434	5.8175E-4	0
879.67	0.01117656	8.6998E-4	0
880.05	0.01154512	0.00246958	0
880.43	0.00647868	2.8315E-4	0
880.81	0.0110977	2.0658E-4	0
881.19	0.01025204	-7.1947E-4	0
881.56	0.00850845	9.1325E-4	0
881.94	0.01389871	7.658E-5	0
882.32	0.0111234	0.00214052	0
882.7	0.00978912	0.00163779	0
883.08	0.01257772	0.00222725	0
883.45	0.00835473	-4.855E-5	0
883.83	0.01087178	7.8568E-4	0
884.21	0.00892352	1.6575E-4	0
884.59	0.00998714	1.4787E-4	0
884.97	0.00822228	9.8982E-4	0
885.34	0.00954858	0.00107656	0
885.72	0.00855717	7.934E-4	0
886.1	0.00591653	6.3517E-4	0
886.48	0.01040797	0.0018598	0
886.85	0.00666429	0.00157929	0
887.23	0.00835119	-8.8786E-4	0
887.61	0.01103303	7.7817E-4	0
887.98	0.00978691	0.00248238	0
888.36	0.01189331	0.00141334	0
888.74	0.008644	0.00216083	0
889.12	0.0109998	0.00210721	0
889.49	0.0119602	0.00152059	0
889.87	0.01168643	5.9962E-4	0
890.25	0.01392839	0.00191587	0
890.62	0.01119782	2.2201E-4	0
891	0.00943517	0.00159188	0
891.38	0.0102609	8.1392E-4	0
891.75	0.0118778	0.00241352	0
892.13	0.00693584	0.00142877	0
892.51	0.00891112	3.0611E-4	0
892.88	0.00569194	0.0020741	0
893.26	0.00958889	0.00198493	0
893.64	0.00850402	2.015E-4	0
894.01	0.01101309	-3.2398E-4	0
894.39	0.01117877	0.00106376	0
894.76	0.01180205	5.5351E-4	0
895.14	0.01094399	-5.919E-4	0
895.52	0.0092695	0.00127826	0
895.89	0.0095632	1.428E-4	0
896.27	0.00634933	0.00259714	0
896.64	0.01025204	5.46E-4	0
897.02	0.00600336	1.428E-4	0
897.39	0.00847478	0.00170685	0
897.77	0.01049125	9.0817E-4	0
898.15	0.00817222	4.03E-4	0
898.52	0.01052891	-2.295E-5	0
898.9	0.00742534	3.3922E-4	0
899.27	0.00879196	0.00203835	0
899.65	0.00960528	3.5709E-4	0
900.02	0.00707848	4.5154E-4	0
900.4	0.00537254	0.00167862	0
900.77	0.00915255	0.00113526	0
901.15	0.00983785	0.00137007	0
901.52	0.00534375	0.00167354	0
901.9	0.00588641	6.76E-4	0
902.27	0.00858375	2.9595E-4	0
902.65	0.0052423	5.9434E-4	0
903.02	0.00565517	7.15E-5	0
903.4	0.00973906	2.9859E-4	0
903.77	0.007665	7.658E-5	0
904.14	0.00727074	0.00179358	0
904.52	0.00418091	3.7253E-4	0
904.89	0.00419641	6.9143E-4	0
905.27	0.00944846	-6.4797E-4	0
905.64	0.00478248	6.378E-5	0
906.02	0.00601886	7.4486E-4	0
906.39	0.00373349	6.9895E-4	0
906.76	0.00681668	6.634E-4	0
907.14	0.00576769	5.2812E-4	0
907.51	0.00442322	-3.3414E-4	0
907.89	0.00348276	0.00157929	0
908.26	0.00741117	1.6839E-4	0
908.63	0.00656196	-4.5662E-4	0
909.01	0.00595906	0.00213544	0
909.38	0.0050722	6.3781E-4	0
909.75	0.00583546	-3.2662E-4	0
910.13	0.0044879	5.606E-5	0
910.5	0.00710949	-1.1477E-4	0
910.87	0.00353991	4.4647E-4	0
911.25	-1.5372E-4	-9.8739E-4	0
911.62	0.00889562	-3.1383E-4	0
911.99	0.00487728	0.00121692	0
912.37	0.00566181	-2.295E-5	0
912.74	0.003749	2.5248E-4	0
913.11	0.00367103	7.902E-5	0
913.49	0.00652431	-7.8832E-4	0
913.86	0.00388677	8.9029E-4	0
914.23	8.6338E-4	-3.0367E-4	0
914.6	0.00407725	9.7967E-4	0
914.98	0.00278639	-1.8119E-4	0
915.35	0.00412819	-3.0367E-4	0
915.72	0.00264596	9.0065E-4	0
916.09	0.00713962	-6.3009E-4	0
916.47	0.00492424	-0.00139038	0
916.84	0.00295339	-0.0011379	0
917.21	9.8033E-4	8.4195E-4	0
917.58	0.00315805	-9.949E-4	0
917.95	0.00247142	4.4139E-4	0
918.33	0.00584432	-0.00148727	0
918.7	0.00472135	0.00153846	0
919.07	9.4932E-4	-8.5982E-4	0
919.44	0.00739433	-8.0356E-4	0
919.81	0.0087388	2.3989E-4	0
920.19	0.00519668	-4.2859E-4	0
920.56	0.00436874	-4.03E-4	0
920.93	0.00272082	-3.0103E-4	0
921.3	0.00154691	0.00133676	0
921.67	0.00222202	0.00156141	0
922.04	0.00339416	9.7459E-4	0
922.41	0.00526888	-0.00106132	0
922.79	0.00475723	-2.015E-4	0
923.16	0.00613005	4.9501E-4	0
923.53	0.00382563	9.4392E-4	0
923.9	-1.0676E-4	-2.2709E-4	0
924.27	0.00675466	-0.0010664	0
924.64	0.00530034	-1.8362E-4	0
925.01	0.00630724	-8.19E-4	0
925.38	0.00134314	8.7506E-4	0
925.75	0.0033193	1.302E-4	0
926.12	0.00167272	0.0017883	0
926.49	0.00572738	-5.7403E-4	0
926.86	0.00209311	6.8636E-4	0
927.24	0.00432887	0.00165323	0
927.61	0.00303003	5.8683E-4	0
927.98	5.36E-5	-2.015E-4	0
928.35	0.00444759	6.3517E-4	0
928.72	0.00260033	4.347E-5	0
929.09	0.00523655	0.00130629	0
929.46	0.00409275	3.067E-5	0
929.83	0.00155001	-8.2651E-4	0
930.2	0.00195047	-3.8776E-4	0
930.57	0.00378444	9.181E-5	0
930.94	0.00118853	-5.1289E-4	0
931.31	0.00499069	8.5718E-4	0
931.68	0.00246035	-0.00117873	0
932.05	0.00449233	-2.0414E-4	0
932.41	0.00181713	-9.2868E-4	0
932.78	0.0017972	-7.3978E-4	0
933.15	0.0045446	-2.5005E-4	0
933.52	0.00219544	-7.4242E-4	0
933.89	0.00133738	-1.2492E-4	0
934.26	0.00370868	-1.9906E-4	0
934.63	0.00393018	-0.00109199	0
935	7.2561E-4	0.00169913	0
935.37	0.00296314	-4.2087E-4	0
935.74	0.0020342	3.2906E-4	0
936.11	0.00324798	-8.3687E-4	0
936.48	0.00294099	6.7092E-4	0
936.84	0.00443341	0.0013394	0
937.21	0.00103703	6.4553E-4	0
937.58	0.00447018	-5.7911E-4	0
937.95	0.00313812	-7.1175E-4	0
938.32	0.00427438	2.9087E-4	0
938.69	-0.00125631	-3.575E-5	0
939.06	0.00223575	-0.0018139	0
939.42	0.00245902	-5.7139E-4	0
939.79	0.00477362	-4.3875E-4	0
940.16	0.00330158	-1.8626E-4	0
940.53	-0.00114158	-4.9501E-4	0
940.9	0.00104368	-4.1336E-4	0
941.26	0.00215557	-4.5419E-4	0
941.63	0.00305572	3.904E-4	0
942	0.00208647	-7.0159E-4	0
942.37	0.00457694	-5.9698E-4	0
942.74	0.00424071	-0.00114542	0
943.1	6.9195E-4	-5.5879E-4	0
943.47	0.00572649	-4.1072E-4	0
943.84	0.00315141	-7.3226E-4	0
944.21	0.00334145	-0.00148484	0
944.57	0.0026216	7.2962E-4	0
944.94	0.00212324	3.317E-4	0
945.31	3.7521E-4	-5.0761E-4	0
945.67	0.00399042	-7.347E-4	0
946.04	0.0014242	-0.00131137	0
946.41	0.00368211	-0.00154354	0
946.78	3.7388E-4	3.6481E-4	0
947.14	0.00219323	-4.2859E-4	0
947.51	0.00255603	-7.2962E-4	0
947.88	2.2371E-4	-9.689E-5	0
948.24	0.00128422	7.15E-5	0
948.61	0.00360768	-0.00165323	0
948.98	0.00227695	-1.9398E-4	0
949.34	-3.3844E-4	-0.00102314	0
949.71	7.7213E-4	-8.6998E-4	0
950.08	0.00423407	-1.7103E-4	0
950.44	0.00519225	-0.00121956	0
950.81	0.00392708	-0.00141334	0
951.17	3.1496E-4	8.9293E-4	0
951.54	2.348E-5	9.8231E-4	0
951.91	0.00103836	-9.0309E-4	0
952.27	0.00151014	-2.8823E-4	0
952.64	0.00244794	-5.8418E-4	0
953	0.0038212	-0.0011507	0
953.37	0.00112607	-1.28E-5	0
953.74	0.00122176	-0.00113282	0
954.1	0.00322273	-5.4092E-4	0
954.47	0.00182954	-2.3481E-4	0
954.83	0.00134402	-0.00140582	0
955.2	0.00296314	-7.0931E-4	0
955.56	0.00350978	-0.00139546	0
955.93	9.0458E-4	-9.8739E-4	0
956.29	0.00392043	1.887E-4	0
956.66	0.00260742	-2.031E-5	0
957.02	0.0022579	-3.8269E-4	0
957.39	7.6327E-4	-0.00130365	0
957.75	0.00144458	-0.00125267	0
958.12	-0.00177948	-0.00241088	0
958.48	0.00324709	-2.8823E-4	0
958.85	6.441E-4	-6.6584E-4	0
959.21	0.0027731	1.28E-5	0
959.58	9.3603E-4	0.00135463	0
959.94	-1.7808E-4	-0.00155105	0
960.31	-6.246E-5	-0.00110987	0
960.67	0.00255603	3.4694E-4	0
961.04	0.00195756	-7.219E-4	0
961.4	-8.5585E-4	-1.016E-5	0
961.77	0.00342296	-0.00137007	0
962.13	6.41E-4	-0.00125267	0
962.49	3.544E-5	-3.819E-5	0
962.86	0.00216975	3.904E-4	0
963.22	-0.00263178	-7.8568E-4	0
963.59	0.00210995	-0.00182913	0
963.95	-0.00126517	-9.1853E-4	0
964.31	0.00434437	-6.1222E-4	0
964.68	6.7777E-4	-3.6989E-4	0
965.04	5.2095E-4	5.87E-5	0
965.4	1.9713E-4	-3.8533E-4	0
965.77	-4.12E-5	-0.00172716	0
966.13	-4.43E-6	-0.00109951	0
966.5	0.0029153	-0.00207674	0
966.86	4.4387E-4	-7.9096E-4	0
967.22	0.00104944	-7.7553E-4	0
967.59	-1.1473E-4	-3.1626E-4	0
967.95	0.00172588	-0.00171193	0
968.31	0.00118632	0	0
968.67	-0.00267741	-7.934E-4	0
969.04	-8.2218E-4	-8.6998E-4	0
969.4	-6.6448E-4	-8.9029E-4	0
969.76	0.00359528	-7.5765E-4	0
970.13	-6.977E-4	1.428E-4	0
970.49	-0.00149242	-2.2201E-4	0
970.85	0.00172056	-0.00177571	0
971.21	-5.462E-4	-0.00104853	0
971.58	0.00265969	-0.00167862	0
971.94	0.00169487	-9.7703E-4	0
972.3	0.00246921	5.6631E-4	0
972.66	-0.00157437	-0.00149499	0
973.03	-0.00186852	-7.8832E-4	0
973.39	-8.2883E-4	-7.4242E-4	0
973.75	0.00206963	2.7544E-4	0
974.11	-2.6048E-4	-0.00140318	0
974.47	0.0011562	4.1072E-4	0
974.84	0.00203862	-1.3528E-4	0
975.2	0.00204173	-4.9745E-4	0
975.56	0.00465712	-4.5419E-4	0
975.92	-2.782E-4	6.1993E-4	0
976.28	0.00167006	-7.1947E-4	0
976.64	-2.37E-4	9.953E-5	0
977.01	0.0010614	-0.00182669	0
977.37	-5.4177E-4	-3.3922E-4	0
977.73	0.00195047	-5.8683E-4	0
978.09	8.1465E-4	-6.5568E-4	0
978.45	0.00255515	1.6839E-4	0
978.81	0.00103836	-3.1383E-4	0
979.17	5.3424E-4	4.4139E-4	0
979.54	9.0236E-4	-0.00106904	0
979.9	0.00602772	-0.0022884	0
980.26	0.0022836	-0.00159452	0
980.62	-0.00110259	-5.5615E-4	0
980.98	-4.9172E-4	-0.00118888	0
981.34	8.1022E-4	-9.8231E-4	0
981.7	0.0015788	-5.204E-4	0
982.06	0.00182599	-8.8014E-4	0
982.42	5.0057E-4	-8.4195E-4	0
982.78	0.00197395	-0.0018598	0
983.14	0.00191946	-0.00129349	0
983.5	0.00133959	-6.4553E-4	0
983.86	0.00316691	-0.00158173	0
984.22	0.00310445	2.7808E-4	0
984.58	0.00131523	-4.6678E-4	0
984.94	-0.00146673	-0.0011966	0
985.3	6.3436E-4	-0.00163535	0
985.66	0.00125277	-3.189E-4	0
986.02	0.00253698	3.904E-4	0
986.38	-0.00197971	-9.6179E-4	0
986.74	-0.00135554	4.7206E-4	0
987.1	5.3203E-4	-4.745E-4	0
987.46	0.00175246	-0.00104853	0
987.82	0.00137326	-2.0922E-4	0
988.18	6.8973E-4	-6.6848E-4	0
988.54	-0.00110171	-0.00179358	0
988.9	0.00531806	-1.4036E-4	0
989.26	9.635E-4	-3.7761E-4	0
989.62	1.0897E-4	-8.3179E-4	0
989.98	-4.1951E-4	-6.2501E-4	0
990.34	5.3646E-4	-9.6687E-4	0
990.69	2.3035E-4	-4.617E-4	0
991.05	-0.00133516	-0.00180618	0
991.41	-5.719E-4	-0.00181898	0
991.77	1.958E-4	2.1694E-4	0
992.13	-0.00158146	-8.5211E-4	0
992.49	9.1698E-4	-0.00103573	0
992.85	0.00295118	-0.00218135	0
993.21	9.4135E-4	-0.00114806	0
993.56	0.00469832	-0.0010664	0
993.92	0.00155134	-0.00163779	0
994.28	0.00275848	-0.00212772	0
994.64	0.00228138	2.9595E-4	0
995	0.00335828	-0.00132924	0
995.36	6.1442E-4	-2.5512E-4	0
995.71	0.00461814	-0.00134448	0
996.07	0.00225879	-7.9604E-4	0
996.43	-1.7232E-4	-5.098E-5	0
996.79	1.0587E-4	-0.0011966	0
997.14	0.00260166	-4.083E-5	0
997.5	0.00139541	-5.0253E-4	0
997.86	5.7633E-4	3.3678E-4	0
998.22	-2.937E-4	2.4741E-4	0
998.58	-7.1764E-4	-0.00120676	0
998.93	2.9503E-4	1.4544E-4	0
999.29	0.00222778	-1.2248E-4	0
999.65	6.3081E-4	5.5108E-4	0
1000	-0.00113626	-0.00115821	0
1000.36	0.00200762	7.475E-4	0
1000.72	0.00136661	3.9792E-4	0
1001.08	-7.97E-6	-6.5812E-4	0
1001.43	0.00222335	-5.5615E-4	0
1001.79	0.00401257	-0.00144645	0
1002.15	0.00130548	-0.00207166	0
1002.5	0.00180916	-4.5926E-4	0
1002.86	0.00244794	-0.00117609	0
1003.22	0.00281429	-7.1439E-4	0
1003.57	-8.6781E-4	-0.00137515	0
1003.93	-0.00164259	-1.4544E-4	0
1004.29	-0.00254496	-0.00221446	0
1004.64	0.00246478	-0.00167354	0
1005	1.4707E-4	4.083E-5	0
1005.36	-5.8651E-4	-0.00110987	0
1005.71	4.7089E-4	-0.00109951	0
1006.07	-9.79E-5	-0.00144137	0
1006.42	3.9957E-4	-0.00137759	0
1006.78	0.00141667	2.6284E-4	0
1007.14	-0.00270399	3.311E-5	0
1007.49	-0.00135997	-5.5879E-4	0
1007.85	-0.00211216	-5.8926E-4	0
1008.2	0.00265748	-3.5465E-4	0
1008.56	-7.4466E-4	3.2155E-4	0
1008.91	-3.8496E-4	-5.7667E-4	0
1009.27	0.00343625	-0.00142613	0
1009.62	0.00304686	4.6678E-4	0
1009.98	0.00138212	-2.6528E-4	0
1010.34	0.00306015	-0.00173488	0
1010.69	0.00156241	-5.8683E-4	0
1011.05	0.00112829	-2.9087E-4	0
1011.4	5.1874E-4	1.4036E-4	0
1011.76	-0.00236555	1.887E-4	0
1012.11	0.00143749	-0.00123987	0
1012.47	6.8441E-4	2.0658E-4	0
1012.82	-9.569E-5	-5.7911E-4	0
1013.18	3.5173E-4	-0.00230383	0
1013.53	3.6281E-4	-5.0761E-4	0
1013.88	7.5884E-4	-4.5154E-4	0
1014.24	2.339E-4	-4.6678E-4	0
1014.59	-0.00138212	3.317E-4	0
1014.95	0.00134889	-0.0016839	0
1015.3	-4.1729E-4	7.6801E-4	0
1015.66	0.0016612	-0.00118381	0
1016.01	-0.00279746	-6.0714E-4	0
1016.37	0.00293656	-6.5568E-4	0
1016.72	0.00445999	-6.76E-4	0
1017.07	0.00197616	7.2454E-4	0
1017.43	0.00567422	-4.3631E-4	0
1017.78	-0.0010171	-4.0828E-4	0
1018.13	-1.7144E-4	-0.00136499	0
1018.49	0.0017024	-3.5973E-4	0
1018.84	0.00139541	-0.00105624	0
1019.2	-0.00145787	-4.7714E-4	0
1019.55	7.0789E-4	-0.00285735	0
1019.9	-0.0014623	-0.00185737	0
1020.26	0.00399353	-3.7253E-4	0
1020.61	0.00174935	-0.00118624	0
1020.96	-9.4578E-4	8.9557E-4	0
1021.32	0.00112962	-2.3989E-4	0
1021.67	0.00100381	-0.00140826	0
1022.02	-9.4135E-4	-0.00100526	0
1022.38	0.00126871	2.803E-5	0
1022.73	0.00153583	-0.0022884	0
1023.08	0.0011562	-0.00155105	0
1023.43	2.7465E-4	-0.0013522	0
1023.79	7.6327E-4	-0.00109707	0
1024.14	5.6525E-4	-0.00202047	0
1024.49	8.4699E-4	-1.5051E-4	0
1024.84	-3.0477E-4	-6.1222E-4	0
1025.2	-0.00110392	2.7036E-4	0
1025.55	0.00360104	0.0011966	0
1025.9	0.00318906	3.6989E-4	0
1026.25	0.00205767	-0.00161748	0
1026.61	1.107E-5	2.031E-5	0
1026.96	0.00259059	-7.347E-4	0
1027.31	4.6514E-4	-5.2304E-4	0
1027.66	-0.00191636	-0.00101542	0
1028.01	0.00145876	-0.00142613	0
1028.37	0.00204084	-8.1392E-4	0
1028.72	1.0233E-4	-0.00188032	0
1029.07	0.00194072	-0.00185737	0
1029.42	-0.00115708	-5.1797E-4	0
1029.77	9.0148E-4	-0.00118624	0
1030.12	7.0878E-4	-0.00216591	0
1030.48	-6.029E-4	-5.0253E-4	0
1030.83	0.00169265	-0.00200016	0
1031.18	0.00138079	-9.2096E-4	0
1031.53	-7.1454E-4	-4.0056E-4	0
1031.88	0.00167493	1.9398E-4	0
1032.23	1.9802E-4	-6.4553E-4	0
1032.58	0.00243023	3.5201E-4	0
1032.93	0.00367679	-0.00132152	0
1033.28	-5.4842E-4	-0.00103065	0
1033.64	0.00152432	-2.64E-6	0
1033.99	9.6704E-4	-0.00113282	0
1034.34	9.6704E-4	-0.00113282	0
1034.69	9.6704E-4	-0.00113282	0
