Wavelength(nm)	Sample_S1_Abs_coeff(1/cm)	Sample_S2_Abs_coeff(1/cm)
189.07	3.05411195	100.96822792
189.54	3.11807421	101.03219018
190.01	3.17845212	101.09256809
190.48	3.2845313	-18.9365008
190.95	2.73960261	16.54492995
191.41	-8.70404367	-5.51764637
191.88	-34.35963094	-39.71794785
192.35	-22.85437803	-57.45078406
192.82	13.94805551	15.75287293
193.29	-2.0136469	7.69249235
193.75	50.50304777	-52.13949478
194.22	17.71287917	-21.71880253
194.69	0.93319439	17.92491904
195.16	6.01300625	29.38993671
195.63	-29.93337406	-10.37714557
196.09	-54.88772883	8.30424961
196.56	-29.03850316	30.63654049
197.03	21.653799	44.39813319
197.5	-35.8358513	-62.29820959
197.96	-31.70669842	53.88424023
198.43	-29.37604148	-3.2758585
198.9	-30.44792273	-13.90411336
199.37	-82.09597827	-76.49684912
199.83	179.6345365	179.6345365
200.3	28.20388885	-29.19001461
200.77	-116.43614403	-111.52690038
201.24	-55.56755244	-57.23148812
201.7	-14.13685684	20.71719419
202.17	58.99005243	-5.40515927
202.64	-10.22999653	-6.54291972
203.1	-26.26843965	-36.77117641
203.57	24.93901647	-25.65424019
204.04	-1.3095286	-24.89924758
204.51	28.28834909	75.74548888
204.97	88.75192941	27.98731845
205.44	3.45358546	-7.24948861
205.91	2.64595855	51.04037633
206.37	11.79044072	29.66151187
206.84	-38.59698032	-38.59698032
207.31	10.51014375	60.95383116
207.77	35.78645985	100
208.24	-6.09190344	20.37746623
208.71	15.95019432	-25.84652699
209.17	-82.62240077	-20.27146145
209.64	84.26370683	74.26166666
210.1	-43.4018024	-35.04951204
210.57	-27.78656876	126.42307089
211.04	-1.26620001	21.30480064
211.5	-15.90598038	-3.82757301
211.97	49.32560407	9.57783011
212.44	-100.84053966	-109.45937483
212.9	81.65056635	13.40028351
213.37	-48.296211	-0.39183834
213.83	-14.62940199	-20.25317249
214.3	27.30634563	27.30634563
214.77	-8.0316894	16.6491403
215.23	103.70179355	27.6573133
215.7	7.57164671	141.05932877
216.16	-24.24380037	-0.71463075
216.63	16.55043601	-4.95834496
217.09	-69.76136191	13.89514965
217.56	-62.30999639	-41.71497221
218.03	27.74976713	173.46318775
218.49	-3.9037456	-36.84902165
218.96	-16.40346493	16.62045405
219.42	17.73080173	39.58493528
219.89	7.89016835	46.72325512
220.35	3.49803416	-43.03084227
220.82	24.69475257	24.0366265
221.28	8.69858103	46.9108764
221.75	-65.77531465	-31.47385873
222.21	-25.10669354	-13.78798761
222.68	-10.2529599	10.83797462
223.14	23.41628722	-7.73396858
223.61	43.35026979	67.68017926
224.07	35.99775299	1.30542333
224.54	57.99596528	1.28397592
225	30.4682843	97.01764192
225.47	-80.22852072	-79.44016253
225.93	0.12006868	-18.561494
226.4	-31.73685863	28.96051583
226.86	19.27172403	27.45125502
227.33	29.03297393	119.25271334
227.79	-3.11368055	5.20720505
228.26	77.20592858	3.91063102
228.72	-5.70851595	-3.69532354
229.18	-72.79010312	40.72622442
229.65	-14.3796468	6.51904115
230.11	-102.888758	-145.3304432
230.58	68.37248862	33.80402531
231.04	-18.94487795	-19.22424771
231.51	-10.92701775	11.85767772
231.97	39.18854182	24.98978406
232.43	-19.77278993	-11.69836912
232.9	95.77483643	55.8935366
233.36	-31.19963992	-75.05573364
233.83	3.41438341	14.02973918
234.29	67.61008988	19.06177496
234.75	-23.33663107	-28.5560199
235.22	-54.79938192	-52.40673301
235.68	32.48105514	-2.08740818
236.14	41.38564532	15.93568476
236.61	-6.86418482	63.67367261
237.07	50.19372104	-23.773322
237.53	60.51844144	-103.10840483
238	-15.23313704	21.90295517
238.46	-65.00543622	-65.00543622
238.93	1.71257473	-37.29085322
239.39	-12.06360053	-22.18406058
239.85	-19.50428342	-8.29519446
240.31	118.36040123	-0.94162024
240.78	-4.79393795	55.84441104
241.24	-166.0493479	-144.99634396
241.7	18.63579189	61.93769933
242.17	3.4803373	64.58572599
242.63	63.75557351	18.08070836
243.09	-6.21199249	7.45694472
243.56	-2.88222015	85.18414683
244.02	22.81482697	29.35918089
244.48	-43.48289187	-31.07186848
244.94	-29.11042208	-1.40147325
245.41	18.36031272	-50.52760884
245.87	19.25679584	19.96128745
246.33	-2.67003906	11.15035497
246.8	58.57971346	17.44668322
247.26	-8.62730212	41.46899945
247.72	-2.74643949	103.00587781
248.18	76.24764681	33.65372245
248.64	165.95854577	-20.77476467
249.11	-34.55116541	-11.89124774
249.57	-32.26448042	-45.05899681
250.03	-61.39425743	-66.19617912
250.49	23.6656818	3.09711652
250.96	-16.85026457	-24.92468538
251.42	-3.03828051	18.3838608
251.88	1.28012529	-16.53104606
252.34	-4.55091243	-5.9120509
252.8	-65.67598717	-72.1016595
253.27	-4.80773982	-29.57248996
253.73	8.8078633	30.78114097
254.19	7.52823071	32.21406536
254.65	-193.29744763	-186.8955386
255.11	-113.25180793	-128.11160429
255.57	36.81163728	3.70234383
256.04	-32.44999783	27.62470022
256.5	-6.94474998	-29.64045869
256.96	-30.142864	-49.6279773
257.42	82.20019574	-45.12145914
257.88	6.70806329	14.35209476
258.34	138.58187621	110.85598899
258.8	-4.98813962	1.26401354
259.27	-134.34185876	-131.49506357
259.73	26.10565223	33.64500621
260.19	7.65474705	15.80749312
260.65	-2.30875753	17.91141158
261.11	8.08526734	22.14221735
261.57	-13.55747922	-11.66335549
262.03	-38.94537281	-25.95797433
262.49	41.35355342	13.65334838
262.95	-3.07854062	16.3876699
263.41	-27.89602059	70.86184462
263.88	13.16477769	42.29902497
264.34	-6.22254662	91.07517659
264.8	-9.24007803	-5.16999333
265.26	52.85109796	-6.83721489
265.72	-14.40353378	-6.9710752
266.18	39.05568785	-4.86572899
266.64	-4.85788742	-6.27466677
267.1	-11.900444	50.74449532
267.56	83.38605916	28.00056476
268.02	85.48461152	-1.7295187
268.48	-32.35182157	-44.29288098
268.94	-21.11204516	11.8332309
269.4	-39.07052279	-8.97894822
269.86	66.59961123	81.70186403
270.32	190.8431888	98.58010423
270.78	35.96302562	10.23755522
271.24	-6.14213349	53.75989893
271.7	-14.06707751	-34.91328369
272.16	34.06016406	179.77358468
272.62	-9.19225288	-7.63077436
273.08	-5.58627522	4.33911579
273.54	-1.61133445	-5.86148241
274	-15.7894989	-5.78745873
274.46	62.54003649	41.78828475
274.92	14.64361421	-11.29555106
275.38	197.21151423	1.10733223
275.84	37.92060315	4.28288841
276.3	86.12741299	-70.14496455
276.76	1.50617662	-23.33923019
277.22	-3.85032875	-34.59500981
277.68	-40.87913676	-11.72493118
278.14	-4.47535215	-75.83911385
278.59	6.57612522	12.62593408
279.05	-13.41570412	-25.62049478
279.51	-4.75126283	5.41521295
279.97	-98.64931632	-45.14962237
280.43	106.11996204	60.32500178
280.89	106.32075067	-2.401366
281.35	2.77899035	28.34766388
281.81	-40.04260592	-25.78167382
282.27	90.11307014	-19.92058067
282.72	-1.09887669	-18.10974145
283.18	12.5262451	32.56449491
283.64	63.69082353	-9.73665423
284.1	-15.66574477	-4.53589437
284.56	-26.02066715	-28.90366867
285.02	12.51190127	49.31902808
285.48	-35.3130253	-13.29882653
285.93	-101.35735212	-186.18205036
286.39	37.81747482	11.04314207
286.85	-17.65712618	-19.36893609
287.31	44.74705902	-10.99638946
287.77	63.94840978	40.9117262
288.23	26.69551482	-24.75192351
288.68	-45.7255466	-95.63327657
289.14	16.51588723	64.82675953
289.6	2.81595409	-9.4470936
290.06	-16.06733087	-59.10416597
290.52	68.65346511	10.13567427
290.97	-38.7691086	-6.0663203
291.43	11.57666094	153.97302386
291.89	10.78725717	-6.40958235
292.35	-3.12530354	-60.00230734
292.81	37.48361906	24.11929229
293.26	24.86280414	29.84435717
293.72	5.44041331	70.31237368
294.18	-15.92033643	-18.48971267
294.64	-38.81217871	62.67002077
295.09	-0.10942824	18.07073794
295.55	-104.05747636	14.43216951
296.01	31.17374891	8.95236406
296.46	-14.15523204	-15.18325536
296.92	21.00910713	8.7972617
297.38	44.4070409	115.23951722
297.84	-34.12756376	-8.33358971
298.29	6.075776	80.46713033
298.75	-116.51605024	-13.08759628
299.21	40.00507772	82.44676292
299.66	-19.21264157	-16.55506064
300.12	28.96298442	89.57444367
300.58	-10.06711712	-38.71512909
301.03	-11.25462264	14.83926539
301.49	-30.2955708	1.66685483
301.95	-38.78844309	-61.7432628
302.4	15.76540892	2.00542774
302.86	-3.33592834	65.8686839
303.32	-6.86159075	-6.86159075
303.77	-25.95702463	-4.54114925
304.23	23.11509461	-10.88312574
304.69	75.15388718	-4.87949619
305.14	6.04973049	40.39403606
305.6	118.54291084	-27.50419264
306.06	-38.11812732	2.93415504
306.51	35.95822066	-17.16856819
306.97	-12.54920636	17.39458284
307.42	-47.81045467	-34.72512408
307.88	-80.76493403	-27.74005582
308.34	-5.21843875	-0.33704347
308.79	-60.0277297	-34.26987693
309.25	-17.87634338	-44.43118678
309.7	-40.11354465	-23.23784136
310.16	27.42716758	42.50187562
310.62	35.64163736	1.41323655
311.07	-25.39838283	-63.76792765
311.53	-3.98224028	-12.13467851
311.98	23.03995062	29.64979832
312.44	-19.99039157	-0.2442988
312.89	5.67833174	55.51236553
313.35	42.94189545	29.65406826
313.8	55.75333015	-3.85311883
314.26	17.4448043	18.65116834
314.72	10.68056288	-15.27708064
315.17	46.5428438	95.80017187
315.63	-17.55214881	-85.75815937
316.08	21.63553532	73.01521185
316.54	-55.46068996	-29.67148671
316.99	-27.11102868	-14.04598577
317.45	-30.30678259	-23.87034568
317.9	-25.55757017	-18.6052615
318.36	-3.48984068	-9.36445496
318.81	-20.06465926	0.13348539
319.27	31.11609927	-19.47593861
319.72	-11.24966374	24.93081757
320.17	-34.20178038	-34.92687576
320.63	-15.35644112	49.51551925
321.08	5.14021183	-8.91880772
321.54	30.23635116	26.71625136
321.99	-0.12328514	-7.129936
322.45	20.40166138	69.62796546
322.9	6.17464669	3.25601993
323.36	-6.2293756	-32.04386831
323.81	11.36273652	-22.42707692
324.26	-56.97500667	-20.61441227
324.72	24.06479442	1.57353944
325.17	43.55117058	48.24037423
325.63	39.24963182	-51.97697544
326.08	10.96086944	46.28707625
326.54	30.10475133	31.21040492
326.99	-100.7874739	-123.82415747
327.44	51.36514167	24.37085096
327.9	-21.08381007	-39.02231923
328.35	3.00031989	-31.27912273
328.8	9.68555646	58.66468665
329.26	2.01548395	28.46101606
329.71	46.79546881	-0.59032305
330.17	51.70723121	138.27079184
330.62	59.92552285	-9.64875793
331.07	-8.13063279	83.84558482
331.53	-119.82483349	-143.94778467
331.98	-6.54916456	10.02897626
332.43	34.14093803	8.79814647
332.89	48.3949087	3.40268832
333.34	56.5916931	18.23578266
333.79	63.50578802	14.24845995
334.25	67.28065259	-38.47166471
334.7	1.94266949	12.94361651
335.15	31.51932891	76.06533555
335.6	156.05581412	36.02702152
336.06	69.21966699	0.66252761
336.51	1.23422798	-2.82063918
336.96	-0.89302609	7.90295105
337.42	Inf	20.45526966
337.87	16.21224724	9.73249295
338.32	51.84312893	33.42687988
338.77	3.93053862	-18.44116841
339.23	-11.46369254	-4.6735863
339.68	127.17869568	16.07564513
340.13	92.47726206	15.91817798
340.58	41.52636459	-16.54091407
341.04	Inf	-36.32191622
341.49	76.42158004	2.9277315
341.94	62.04137668	138.08585692
342.39	40.37707414	23.88859968
342.85	-43.81808768	10.93801706
343.3	5.15778819	-18.73491802
343.75	23.05502949	10.31688025
344.2	49.61639456	-5.20018058
344.65	72.37250609	12.33169707
345.11	21.59653965	112.50905703
345.56	38.3171214	39.35077064
346.01	33.60374983	-20.88874603
346.46	85.78873869	81.5920211
346.91	29.57287589	-8.47185269
347.36	32.5284049	-4.44472062
347.82	20.39848838	-11.94111957
348.27	68.22296589	-10.46400371
348.72	58.94323847	-10.64934019
349.17	-0.96722822	-27.90475725
349.62	56.56250604	6.63821976
350.07	26.26968721	24.30165276
350.52	-3.3265872	8.8137178
350.98	61.03878306	36.64885253
351.43	174.46708638	36.92735973
351.88	40.60259303	18.20658764
352.33	22.897304	-5.68409492
352.78	97.23226595	5.4973362
353.23	18.85920054	0.81769232
353.68	73.09254989	8.70323572
354.13	12.38865278	20.56337594
354.58	-10.03532811	-10.75575925
355.04	39.07978826	28.91331248
355.49	26.34319455	-9.63009627
355.94	113.40315062	-10.65471773
356.39	58.74515568	36.95049692
356.84	2.07401406	8.5120355
357.29	17.71080289	19.61711973
357.74	117.68852192	-1.08343874
358.19	103.33754915	6.18085562
358.64	66.24692389	13.54384111
359.09	32.83726129	6.88983795
359.54	17.4536296	8.47809456
359.99	52.1164208	24.37915863
360.44	37.17850182	3.28321728
360.89	29.33488248	4.74042162
361.34	120.51348373	9.33201809
361.79	68.93253416	4.13465822
362.24	42.06078016	-10.0717833
362.69	39.27129404	0.95938786
363.14	143.04954587	5.67864054
363.59	43.90757889	-6.35112903
364.04	91.53023646	7.71445584
364.49	68.56491013	14.73059712
364.94	28.16731431	15.77275417
365.39	29.94594392	-10.73681575
365.84	47.13477826	2.87304689
366.29	30.08935854	5.38017092
366.74	49.24871274	1.05040334
367.19	55.29530654	18.29556426
367.64	221.13115296	14.80573952
368.09	79.32748191	4.47150762
368.54	70.67631041	-3.2869596
368.99	42.8505341	-7.90488617
369.43	132.15678785	14.7162663
369.88	43.99653302	12.74881086
370.33	66.34476743	7.01809276
370.78	90.37762278	18.35663842
371.23	58.29743479	11.35999157
371.68	62.47522568	2.05006512
372.13	47.89864049	-2.93206626
372.58	70.654233	2.51259947
373.03	38.49865622	7.72322713
373.47	37.22588168	0.33562521
373.92	106.53845973	4.90490686
374.37	78.4644869	0.62808094
374.82	81.46535385	2.96935386
375.27	75.95458644	-7.15236408
375.72	58.98668405	12.05186796
376.17	49.9014428	-2.16503379
376.61	47.17550069	6.72617651
377.06	59.88362127	-5.53363254
377.51	51.35999675	1.88806474
377.96	90.30993251	9.34703626
378.41	55.6834447	-1.43304399
378.86	69.49656022	14.93279027
379.3	51.8332675	1.8564746
379.75	64.32975063	-1.60901217
380.2	46.88441536	-3.62381942
380.65	56.33930743	7.76684952
381.09	64.72915398	-1.69004999
381.54	46.48853097	-5.67704554
381.99	59.97899298	14.97430527
382.44	63.14601654	5.20765906
382.89	108.65847951	5.68720473
383.33	76.65587348	13.9557361
383.78	70.99845653	5.50996323
384.23	74.36340422	2.32906638
384.68	40.50027852	-1.27242951
385.12	49.03290301	7.05365572
385.57	Inf	-1.47555483
386.02	63.71673992	10.26903361
386.47	211.86851049	6.16767494
386.91	56.68794656	0.23341229
387.36	133.95462473	6.39609784
387.81	52.28185309	2.0016677
388.25	49.31048103	2.14678535
388.7	105.29873928	6.26062248
389.15	102.91876275	10.18029968
389.59	53.19130406	4.73404207
390.04	60.12181827	6.2787036
390.49	58.220134	2.44473146
390.93	73.2170041	5.71038972
391.38	53.03889398	5.02380441
391.83	70.75808539	4.76268021
392.27	78.16169957	-1.87747541
392.72	52.382063	0.65469402
393.17	60.35874607	1.64406566
393.61	68.70007546	5.89110439
394.06	69.81086822	-4.48427665
394.51	41.06497865	3.45596112
394.95	48.91204236	10.75217977
395.4	44.88348995	-0.00166464
395.85	59.34190529	-0.0508832
396.29	78.88482209	7.9802709
396.74	57.48117046	0.0397048
397.18	51.88443332	7.44045973
397.63	73.1687471	6.6259722
398.08	67.76627947	1.98738491
398.52	55.20138386	-1.10412228
398.97	73.4581415	3.44221026
399.41	61.85671775	1.82831407
399.86	56.19283723	2.24382269
400.3	56.10250299	0.74802488
400.75	52.3307485	-3.99457793
401.19	58.76895094	0.11546818
401.64	51.65157116	-0.25038144
402.09	51.61336633	-0.58236862
402.53	50.70796805	-0.82668994
402.98	71.33259274	-0.58894848
403.42	88.97294416	2.91910719
403.87	38.2257352	-1.82202648
404.31	62.24608633	3.74644647
404.76	62.56709922	5.36112193
405.2	57.74505826	4.42891176
405.65	49.22350897	3.72676095
406.09	44.70455639	-0.52446934
406.54	46.25292033	0.57084799
406.98	44.73807285	-0.95705037
407.43	63.62749157	4.50012839
407.87	41.53760246	0.24220549
408.32	50.90153592	3.67169033
408.76	50.77549981	1.00412341
409.21	50.75969121	2.91514356
409.65	36.82943465	-0.31434718
410.09	42.84170613	4.32496457
410.54	46.58447935	-0.5372781
410.98	62.63441417	6.39271162
411.43	63.63949188	1.76162431
411.87	51.15947098	3.84337078
412.32	43.19341645	2.38863236
412.76	44.40004367	5.68877543
413.2	49.19319928	-0.43925438
413.65	49.28492389	-3.32564518
414.09	38.88543645	-3.82126295
414.54	44.67470757	1.7220815
414.98	41.94673746	-0.29019766
415.42	46.38636031	3.10022253
415.87	48.42174513	3.10999746
416.31	40.74071886	0.58151004
416.76	49.2284446	1.27128141
417.2	44.93744494	2.21996666
417.64	39.97228037	-0.00949313
418.09	44.22709648	2.60724915
418.53	37.43320705	-1.83613663
418.97	41.43247748	4.14954192
419.42	45.44296566	-0.51491623
419.86	45.58255402	3.3926243
420.3	57.48145889	1.67982968
420.75	38.05195126	1.0919731
421.19	59.0480317	4.38722128
421.63	36.28210748	0.5384411
422.08	43.54546984	1.28877503
422.52	33.85760908	0.35179145
422.96	44.10906083	1.41390951
423.4	40.18709586	1.06271371
423.85	40.81682898	2.97927375
424.29	32.66460618	-2.23716091
424.73	33.97317341	0.45106229
425.18	38.1705635	2.79528097
425.62	41.32431371	-0.35590105
426.06	38.39206909	-0.30927562
426.5	39.91030509	1.51732364
426.95	43.27191541	0.79044408
427.39	34.39387452	0.94439896
427.83	49.28443328	-0.58751617
428.27	37.75446653	0.89322656
428.72	35.34638645	5.28905224
429.16	33.00615909	0.99524833
429.6	33.95492937	3.36958683
430.04	34.12584131	0.23305196
430.48	29.47448604	-0.86195939
430.93	34.17833412	1.67284048
431.37	36.09774315	1.74126132
431.81	31.37048228	1.51332458
432.25	33.01130583	-1.1061307
432.69	35.79809756	0.16653483
433.14	34.16688983	-0.21140267
433.58	34.42125801	0.47582321
434.02	31.68780063	0.2479712
434.46	28.22445759	0.98242389
434.9	32.33200452	2.52377124
435.34	30.21424394	-0.28714101
435.79	28.20505562	0.94004356
436.23	29.74456101	-0.9389236
436.67	28.58487298	-0.58407983
437.11	27.49608266	-0.4318252
437.55	26.98983936	2.66824547
437.99	29.14733611	-1.36784668
438.43	25.36738604	-2.53189938
438.87	25.46792542	2.23608153
439.32	25.2750528	0.61822709
439.76	23.21987822	0.97884706
440.2	26.77794156	-1.05429218
440.64	27.6266231	-3.13447359
441.08	26.65684873	3.11698037
441.52	26.82961617	0.52730982
441.96	26.46726983	1.79535725
442.4	27.43317536	0.14987983
442.84	26.3527692	1.15980327
443.28	24.90633382	0.71837171
443.72	24.37103142	1.70839003
444.16	23.42920654	-1.33857713
444.6	27.88638844	1.20076949
445.04	23.83714391	0.84325006
445.48	23.4308098	0.28650695
445.92	25.25385444	-0.7426387
446.36	22.0202207	1.59776168
446.8	20.82897844	0.28038823
447.24	22.53998089	0.17474825
447.68	24.63449512	-0.20161154
448.12	23.60895437	1.66395396
448.56	20.17470473	2.56814565
449	21.82415693	1.71803586
449.44	20.54112335	-0.40490061
449.88	22.18438452	1.5141347
450.32	17.81897863	0.87575505
450.76	22.03278698	0.16715087
451.2	21.3705678	1.83263583
451.64	22.06288613	2.20961348
452.08	21.07591955	1.63047007
452.52	21.02989612	1.60224067
452.96	21.0126914	1.37226066
453.4	21.46893127	1.74322773
453.84	21.84531027	1.42701065
454.28	19.54060425	0.54246368
454.72	17.97493151	2.49101889
455.16	17.97833301	2.59555979
455.6	19.48510783	2.10570333
456.04	18.59687585	0.05893465
456.47	15.70684611	-0.71078845
456.91	16.59322746	0.32413949
457.35	16.30791826	0.59348441
457.79	16.1222402	1.67015177
458.23	19.25263676	2.07561219
458.67	18.21616759	0.03123917
459.11	14.97982728	0.8264412
459.55	16.6664519	0.29631505
459.98	15.92693875	0.00514598
460.42	16.81610301	0.96158522
460.86	15.68977007	0.92113336
461.3	15.67739145	1.92935515
461.74	14.81524715	0.26686955
462.18	13.94567261	0.89043037
462.61	15.91622465	1.38804342
463.05	14.66407937	1.55276722
463.49	15.31911709	1.23632919
463.93	16.23057583	0.87799172
464.37	13.78337502	0.0588939
464.8	12.90565824	1.96580551
465.24	14.16769857	0.72434322
465.68	14.40560396	2.25493691
466.12	12.59393743	0.43507808
466.56	12.8674117	1.60738309
466.99	14.18011672	0.24929868
467.43	12.89185323	1.76222665
467.87	13.37510677	0.89680332
468.31	12.45033636	1.02183147
468.74	11.90693886	1.1952316
469.18	12.71103224	1.57593488
469.62	12.07656678	1.39951107
470.06	12.13569143	1.61626622
470.49	12.92093369	1.71963411
470.93	12.75341803	1.59068412
471.37	12.28372957	0.86686988
471.8	11.06581866	1.98944336
472.24	12.62216526	2.01157607
472.68	12.12627392	1.96401663
473.12	11.40477548	2.02671772
473.55	11.9383934	1.48879343
473.99	12.91688945	1.75606734
474.43	11.82838556	1.9372056
474.86	11.5225101	2.40805888
475.3	11.52846719	2.23234145
475.74	11.08548524	2.39361436
476.17	10.28738056	0.80159169
476.61	10.18886086	1.00433998
477.05	11.74207839	1.96757336
477.48	10.31494231	1.85503385
477.92	11.76881846	2.08776124
478.35	10.61434452	2.25109204
478.79	9.25891368	1.64221248
479.23	10.51537767	1.34845965
479.66	10.88988494	2.26285716
480.1	11.04165572	2.66216511
480.54	10.89740975	1.65257303
480.97	10.36020134	1.77208071
481.41	9.8576646	2.67468564
481.84	10.94545117	2.48079757
482.28	9.97063753	1.65413251
482.71	9.82616467	1.45827854
483.15	9.97161906	2.2020363
483.59	10.83071265	2.99222173
484.02	10.14505345	2.29647388
484.46	9.25931895	2.26637305
484.89	9.78121037	2.27010402
485.33	9.69303342	1.69381253
485.76	10.12113874	2.43179217
486.2	9.27419944	2.51036146
486.63	9.56974955	1.36440579
487.07	10.31395046	2.85867739
487.5	10.54788311	3.73653944
487.94	9.88047593	2.6904493
488.37	9.38869366	2.56877358
488.81	10.07165859	2.14230541
489.24	9.92216484	2.04088685
489.68	9.86193869	3.10865795
490.11	10.28594995	2.95380495
490.55	10.59246836	2.60299893
490.98	10.13647451	2.97448525
491.42	10.0306467	2.34087065
491.85	9.29801354	2.64792669
492.29	9.178086	1.9236111
492.72	9.08541098	2.57632522
493.16	9.03488474	2.62987451
493.59	9.63651259	2.58854274
494.03	10.19743933	2.57850647
494.46	9.3438486	2.50911406
494.89	8.97053339	2.43129172
495.33	8.96655391	2.46592723
495.76	9.09432724	2.68065958
496.2	9.77727602	2.66715963
496.63	9.34857617	2.87530263
497.06	9.54591262	2.92971856
497.5	9.7341548	3.05400482
497.93	9.86886279	3.49010374
498.37	9.19243357	3.17066049
498.8	9.46334994	2.88676534
499.23	9.31483081	3.73758299
499.67	9.09829029	3.49763249
500.1	8.96014576	2.51031754
500.53	9.88939829	2.50627333
500.97	9.00463047	2.49673364
501.4	9.49532922	3.26968885
501.83	9.53822715	2.95138511
502.27	9.64267156	2.7678149
502.7	9.72687358	3.36931414
503.13	9.172418	3.12351977
503.57	10.03013342	3.73500296
504	10.46133602	3.56882143
504.43	9.52947763	2.79568599
504.87	9.91952004	3.68472089
505.3	8.67373234	3.24202775
505.73	9.12519992	3.28154947
506.17	9.57381683	3.54114361
506.6	10.29340588	3.82959239
507.03	9.79849585	3.29873118
507.46	9.10430676	3.35804662
507.9	9.67769816	3.16210169
508.33	9.8695622	2.83362477
508.76	8.89266855	3.27531457
509.19	9.3819293	3.21699384
509.63	10.78338097	3.26285812
510.06	10.52485052	3.68415043
510.49	9.98830693	3.105892
510.92	10.15004968	3.95979887
511.36	10.32484818	3.36242146
511.79	10.01198791	2.84217198
512.22	10.24293414	3.67625653
512.65	10.84871413	3.50568421
513.08	10.13840222	3.73579574
513.52	10.35642675	3.13580276
513.95	9.74879403	3.59534017
514.38	10.97968366	3.69411264
514.81	10.32651535	3.55806601
515.24	10.45728217	3.22376237
515.67	10.45125517	3.49047684
516.11	10.80514882	3.73918696
516.54	10.60952732	3.91554947
516.97	10.82006946	3.86123418
517.4	11.02203668	3.61542247
517.83	10.35740686	3.83178909
518.26	10.56697394	3.59269457
518.69	10.49048208	3.51481193
519.13	11.47355383	4.18287461
519.56	10.90803639	3.66626876
519.99	10.8889308	3.87772065
520.42	10.7031957	3.52501826
520.85	11.22607895	3.58454171
521.28	11.11645378	3.63634083
521.71	10.76929058	4.21800526
522.14	11.92294946	3.7436901
522.57	11.15757322	4.23658588
523	11.61005119	4.07367058
523.43	10.51056025	3.42006646
523.87	10.89536618	3.58629402
524.3	11.80961852	3.51813594
524.73	11.34703022	4.12191178
525.16	10.74459456	3.42772498
525.59	11.67980511	4.13405742
526.02	10.81335303	3.12541867
526.45	10.81391562	3.12598126
526.88	11.08252449	3.38895203
527.31	11.80657634	3.84339098
527.74	10.86950824	3.46221345
528.17	11.08532309	3.89898966
528.6	11.80816768	3.50784869
529.03	11.34575546	3.63551543
529.46	10.95062436	3.13241466
529.89	11.92060275	3.6128287
530.32	12.03696574	3.61945086
530.75	12.51730693	3.54944201
531.18	12.19614543	3.27984403
531.61	12.23746683	3.56821765
532.04	12.39525364	3.11298816
532.47	12.06576032	3.53355622
532.9	12.06214791	3.3516246
533.32	12.39167148	3.43273933
533.75	12.272327	3.72072679
534.18	12.27862939	3.36261797
534.61	12.63700742	3.57561522
535.04	12.48627708	3.37996372
535.47	12.43379432	4.32110231
535.9	12.46092828	4.00821594
536.33	12.35907601	3.24053058
536.76	12.68478696	3.83091982
537.19	12.74635289	3.65364176
537.62	12.76666177	3.68007249
538.04	12.96052527	3.79074814
538.47	12.5803395	3.7355808
538.9	12.44752921	3.78620963
539.33	12.57677003	3.77238962
539.76	13.37237017	3.82506486
540.19	12.99534531	3.69247575
540.62	13.20741594	3.59291318
541.04	12.82942207	3.198767
541.47	13.63765424	3.21485705
541.9	13.13386515	3.23909709
542.33	13.1559606	3.11290391
542.76	13.23640053	3.01007323
543.19	13.59404257	3.48450892
543.61	13.36166504	2.9793356
544.04	12.98639869	2.67138325
544.47	13.81896189	3.99707229
544.9	13.80463296	3.20273705
545.33	13.2696792	3.58534945
545.75	13.05069159	3.3732856
546.18	13.88205252	3.53862268
546.61	12.90659787	3.35753249
547.04	14.08574774	3.8313903
547.46	13.68029651	3.87885956
547.89	14.25553606	3.53496054
548.32	14.05160207	3.68210783
548.75	13.43382976	4.06027938
549.17	13.30300765	3.56079697
549.6	13.25425985	3.19038918
550.03	13.454245	3.60684945
550.46	13.93372089	3.82209483
550.88	13.50615463	3.39695167
551.31	13.7099602	3.1069603
551.74	14.03509081	3.16579483
552.16	13.61551368	2.84185179
552.59	13.94882626	3.17523088
553.02	14.01363814	3.51926478
553.44	14.01992837	3.51081269
553.87	14.42823263	3.48181423
554.3	14.48668675	3.45521265
554.72	13.97823008	3.63428831
555.15	14.36688537	3.60270873
555.58	14.01569894	3.4646639
556	14.55197844	3.64217109
556.43	14.01774562	3.43060415
556.86	14.25356773	3.50076064
557.28	13.89718108	3.46817933
557.71	13.61914279	3.22682703
558.14	13.78439489	2.96506443
558.56	13.69834095	3.01319694
558.99	13.56655981	2.85513575
559.41	13.38295005	2.70583344
559.84	13.26032886	2.54257168
560.27	13.74498803	2.74548559
560.69	13.77188537	3.04547274
561.12	13.81459529	2.56957683
561.54	13.93236346	2.93471481
561.97	14.18643059	3.32183907
562.39	13.45609105	2.62249701
562.82	13.91166806	2.71853349
563.25	14.17803956	2.58069216
563.67	13.80989004	3.22560682
564.1	13.99878077	3.06547466
564.52	14.37255553	2.9001018
564.95	13.85624939	2.67173277
565.37	13.84591144	3.16997208
565.8	14.03737046	3.19515401
566.22	13.82824276	3.05185708
566.65	13.4920469	2.74611529
567.07	13.9774257	3.01494276
567.5	13.83705201	2.58404052
567.92	14.09109641	3.1083724
568.35	13.72699809	2.72107553
568.77	14.0981835	3.48430027
569.2	14.5785831	3.27041209
569.62	14.3798348	3.51519951
570.05	13.9150526	3.04773653
570.47	13.89440071	3.19467242
570.9	14.48256767	3.77399807
571.32	14.25034847	2.80779347
571.74	14.12926834	3.73765506
572.17	14.0765086	3.14052831
572.59	14.53794255	3.32308343
573.02	14.26027075	2.88068682
573.44	14.25050563	3.46124641
573.87	14.08070877	3.47195262
574.29	14.49516194	3.34137363
574.71	13.97417656	3.00675721
575.14	14.03113136	3.28072016
575.56	14.36165637	3.30646285
575.99	14.0544302	3.08757915
576.41	13.59611732	2.99115252
576.83	13.84956914	2.8052827
577.26	14.02369697	2.88435568
577.68	14.0594464	2.99386726
578.1	13.66078563	2.57933185
578.53	13.32663217	2.88529575
578.95	13.03189642	2.71078832
579.37	13.35287374	2.73162419
579.8	13.48673022	2.92050979
580.22	13.78034974	2.74705964
580.64	13.78636212	3.34865107
581.07	13.18945028	3.02528548
581.49	13.46504995	2.68294101
581.91	13.67804172	2.70501048
582.34	13.51841552	2.65809162
582.76	13.17975055	2.91733108
583.18	13.27302081	2.84638976
583.61	13.06308611	2.37068537
584.03	13.26882443	2.50510282
584.45	13.15748954	2.93478342
584.87	13.02686201	2.43177564
585.3	12.74069964	2.77721743
585.72	12.60673478	2.41684429
586.14	12.39910436	2.36471791
586.56	12.31722109	2.39071902
586.99	12.22938441	2.14339345
587.41	12.71303113	2.86143523
587.83	12.5319315	2.76342844
588.25	12.78488751	2.8540373
588.68	12.34790061	2.26852908
589.1	11.95990136	2.44374645
589.52	12.09417465	2.35414262
589.94	12.75921926	2.2953089
590.36	12.38317371	2.21417727
590.79	12.30649916	2.29030215
591.21	12.54609738	2.39188282
591.63	11.71120908	2.33661029
592.05	11.95791263	2.18666443
592.47	12.18799195	2.49518185
592.89	12.3390813	2.79137484
593.32	12.48036834	2.69760824
593.74	12.67578301	2.88855435
594.16	12.2725073	2.30100223
594.58	12.09526178	2.46360861
595	12.07516081	2.48124292
595.42	12.13082439	2.55621573
595.84	12.38827604	2.64231332
596.27	12.14525261	2.51984007
596.69	12.13977878	2.48355596
597.11	12.50163091	2.44811163
597.53	12.08476412	2.35669299
597.95	11.9162264	2.7062076
598.37	11.93734775	2.63623081
598.79	11.84393804	2.68207068
599.21	11.5908255	2.56308607
599.63	11.44160937	2.42082619
600.05	11.49636493	2.89618953
600.47	11.53195279	2.42020203
600.89	11.33756125	2.40631833
601.31	10.96116341	2.59968495
601.74	10.99297727	2.30426818
602.16	11.05099126	2.47004442
602.58	10.9465856	2.30881397
603	11.01875276	2.8401673
603.42	10.27563144	2.42143081
603.84	10.43465678	2.41345108
604.26	10.14886132	2.45896208
604.68	10.60848413	2.85645958
605.1	10.31196434	2.66174535
605.52	10.37271302	2.11597092
605.94	9.89898968	2.50386879
606.36	9.91547145	2.24215522
606.78	10.05344608	2.75952945
607.2	9.60172481	2.04498622
607.62	9.72001552	2.05103011
608.03	9.86080977	1.9430654
608.45	9.09116819	2.17859814
608.87	9.91128311	2.19053838
609.29	9.41669694	1.99494926
609.71	9.37578058	1.49864055
610.13	9.60726307	1.97565826
610.55	9.06130707	1.61485267
610.97	9.44157486	1.81164191
611.39	9.37173832	2.3056693
611.81	9.88708021	2.22680904
612.23	9.47197847	2.24926579
612.65	9.57400107	2.28326858
613.07	9.78525937	2.33219886
613.48	9.32009549	2.12460184
613.9	9.06487519	1.95509016
614.32	9.64728791	2.37616486
614.74	9.47021803	2.52912361
615.16	9.21313228	2.18225318
615.58	9.3275026	1.98538334
616	9.30962011	2.00507704
616.41	9.07854872	1.93155344
616.83	9.3080087	1.87336951
617.25	8.9857024	1.48164153
617.67	8.64151723	1.99762314
618.09	8.776051	1.73980122
618.51	8.55387638	1.76193839
618.92	8.48799619	1.81890272
619.34	8.48432375	1.65959523
619.76	7.92573178	1.71448569
620.18	8.13650334	1.5557591
620.6	7.29587696	1.56701389
621.01	7.59637161	1.56201196
621.43	7.24698857	1.27628148
621.85	6.96257386	1.46597944
622.27	7.11028492	1.18316624
622.68	6.93871194	1.03059415
623.1	6.71474251	1.22755552
623.52	6.58409594	1.25063739
623.94	6.58254711	0.68348428
624.35	6.69254562	1.07350786
624.77	6.61920239	1.48145933
625.19	6.04349899	0.9345628
625.61	6.23234074	1.07192122
626.02	5.82970507	0.73021185
626.44	6.34057384	1.12284825
626.86	5.79149077	0.87659927
627.27	5.57716964	1.0135121
627.69	5.70791854	1.02631456
628.11	5.06791533	1.02423263
628.52	5.63461072	1.3056065
628.94	5.32968298	1.14873511
629.36	5.17091247	1.24039696
629.77	4.92549512	0.85385213
630.19	5.27111664	1.10076859
630.61	5.34755757	1.25893996
631.02	4.79106583	0.71314788
631.44	4.98600771	1.01752918
631.86	4.68239948	0.91127067
632.27	4.96931439	1.0754961
632.69	4.66579849	0.74141357
633.11	4.80626115	0.67481457
633.52	4.65740242	0.88210784
633.94	5.24463525	1.35149791
634.35	4.62221502	1.10810696
634.77	5.25478304	0.95463537
635.19	5.06794075	1.10495888
635.6	5.54761252	0.92196672
636.02	5.67652371	1.05457061
636.43	6.020571	1.3905863
636.85	6.29246218	1.57530895
637.26	5.81604829	1.50361956
637.68	5.97012342	1.58584784
638.09	5.86632413	1.56745943
638.51	5.71773116	1.43350218
638.93	5.16099281	1.75774558
639.34	4.32965633	0.80313556
639.76	4.32750006	1.24412243
640.17	4.11323773	1.02030103
640.59	3.72157632	0.91652811
641	4.10234153	0.92423473
641.42	3.51184687	0.59159112
641.83	3.77831755	0.79131828
642.25	3.61891927	0.82640284
642.66	3.4582816	0.65252811
643.08	3.15120038	0.46354934
643.49	3.15417683	0.78149755
643.91	3.5133779	0.31525983
644.32	3.65237479	0.88481269
644.73	3.41245867	0.74936698
645.15	3.58235528	0.59020754
645.56	3.4078886	0.93222296
645.98	2.81433761	0.64862461
646.39	2.66779344	0.71625873
646.81	2.65407804	0.18096229
647.22	2.76464378	0.61382182
647.63	2.66713092	0.57657116
648.05	2.54407433	0.29561523
648.46	2.39069455	0.39296279
648.88	2.35876377	0.17174903
649.29	2.31098254	0.3582173
649.7	2.34993208	0.50648281
650.12	2.36384296	0.56801808
650.53	2.52666414	0.70405312
650.95	2.31698318	0.57668249
651.36	2.65346735	0.55018743
651.77	2.52677182	0.83428048
652.19	2.10209183	0.42164877
652.6	2.25327359	0.59810742
653.01	2.006535	0.42639787
653.43	2.13642626	0.45244992
653.84	1.93994018	-0.08098279
654.25	2.18956757	-0.00776853
654.67	2.23644621	0.26668582
655.08	1.79070355	-0.00904489
655.49	2.00907116	0.38582574
655.91	2.13264747	0.38944966
656.32	1.98441942	0.23491471
656.73	1.83448183	-0.09025036
657.14	2.24148518	0.68589054
657.56	2.50073985	-0.08205777
657.97	2.55390231	0.62990985
658.38	2.44749745	0.38515778
658.79	2.20177881	0.79975797
659.21	2.20455282	0.52583207
659.62	2.39281047	0.68971579
660.03	2.36205576	0.05207839
660.44	1.79676861	-0.15631444
660.86	2.27720072	0.25553728
661.27	1.39579367	-0.06933629
661.68	1.70674927	0.01496127
662.09	1.80780373	0.1592913
662.5	1.91611902	0.48364801
662.92	1.21897751	0.30474228
663.33	2.12702136	0.49166752
663.74	1.71592074	0.33418772
664.15	1.45145118	-0.23975738
664.56	1.25952575	-0.07382244
664.98	1.71805707	0.51948375
665.39	1.378023	-0.02578712
665.8	1.35082464	0.04557982
666.21	1.31146326	-0.18065896
666.62	1.11387865	-0.21563409
667.03	1.33241196	-0.06207113
667.45	1.72363173	0.58853283
667.86	1.6110668	0.1827933
668.27	1.78141235	0.70112956
668.68	1.43165064	0.29476857
669.09	1.35561281	-0.34649355
669.5	1.14532732	0.09444557
669.91	1.0004836	-0.03441697
670.32	1.44064859	0.42778413
670.73	0.99308609	0.14580555
671.14	1.36935112	0.28246484
671.56	0.67904952	-0.02567206
671.97	1.38672205	0.18705012
672.38	1.19910908	0.34480785
672.79	1.33237013	0.34599587
673.2	1.4250435	0.67361762
673.61	1.21137517	0.48120917
674.02	0.84162716	0.0401226
674.43	1.20042002	0.52806576
674.84	1.34351727	-0.02343487
675.25	1.40683336	0.20572516
675.66	1.20419507	0.4431109
676.07	1.31817708	0.10940164
676.48	0.85783896	-0.21363701
676.89	1.12207092	0.37534113
677.3	0.77217934	0.1736623
677.71	1.04006135	0.37546146
678.12	1.1371147	0.08935665
678.53	1.08858646	-0.21005887
678.94	1.36580254	0.45816003
679.35	1.64762824	0.62912419
679.76	0.74313619	-0.45413547
680.17	0.97855086	-0.14902177
680.58	0.51963283	-0.6776903
680.99	0.92885324	-0.15877565
681.4	0.70054622	0.12747229
681.81	0.78765632	0.19953254
682.22	0.73467544	0.1292362
682.62	1.01055466	0.03471762
683.03	1.0366578	0.0771948
683.44	1.14701227	0.07968741
683.85	0.64814009	0.21810387
684.26	1.28742893	0.49912677
684.67	1.29449814	0.46072225
685.08	0.78850923	0.38128153
685.49	1.13374553	0.31820242
685.9	1.73819358	0.70086224
686.3	1.02810747	0.40714689
686.71	1.62303854	0.3433549
687.12	1.50235485	0.16207557
687.53	0.53749314	0.06978831
687.94	1.54314813	-0.08060475
688.35	1.23871493	-0.09375888
688.76	1.59994182	0.5762463
689.16	1.17128593	0.1707479
689.57	1.48118719	0.24255249
689.98	1.0711913	0.09260622
690.39	1.19463331	-0.05855664
690.8	1.14729489	-0.13351683
691.2	0.78221851	0.26838124
691.61	1.20366537	-0.21346437
692.02	1.07364397	0.09255237
692.43	1.77402409	0.91938531
692.84	1.420087	0.57151239
693.24	1.1654452	0.31340738
693.65	1.33585138	0.22517205
694.06	1.60577491	-0.03131351
694.47	1.40777864	0.34595935
694.87	0.8764288	0.08591754
695.28	1.44276983	0.30758613
695.69	1.21635638	-0.1755541
696.09	1.17933935	0.27889054
696.5	1.60521812	0.07439929
696.91	1.38855171	-0.11464703
697.32	1.51547252	0.13206879
697.72	1.14548316	-0.06120473
698.13	1.81663769	0.07238672
698.54	1.16326714	0.29173489
698.94	1.98114947	0.67490818
699.35	1.6855113	0.53986426
699.76	1.43856675	0.1722405
700.16	1.67492242	0.65399362
700.57	1.81700897	0.43432638
700.98	1.50482806	0.85514353
701.38	1.29786711	0.22137284
701.79	1.39736543	0.25709706
702.2	1.6296746	0.62481076
702.6	1.28080429	0.31731952
703.01	1.18435316	0.44556212
703.42	1.51495951	0.52676075
703.82	0.76704423	0.18446366
704.23	0.93425428	0.53582355
704.63	1.47188142	0.75364729
705.04	1.29984444	0.51915685
705.45	1.29556157	0.31743817
705.85	1.5487076	1.05123218
706.26	1.35860576	0.03131457
706.66	1.08491801	0.5516487
707.07	1.20820993	0.86833557
707.47	1.86200248	0.69579408
707.88	1.76002021	0.53103964
708.29	1.18861992	0.53121044
708.69	1.33863876	0.4535139
709.1	1.15144435	0.08601582
709.5	1.15909045	0.16824398
709.91	1.10853798	0.20203024
710.31	1.35057527	0.72354249
710.72	1.35516476	-0.07053134
711.12	1.94039471	0.56332277
711.53	1.40063881	0.48303396
711.93	1.18094554	0.13496451
712.34	0.98355796	0.35525066
712.74	0.85998046	0.07598108
713.15	0.82987591	0.02007859
713.55	0.70837262	-0.26770233
713.96	1.20206002	0.73346988
714.36	0.95465186	0.05367224
714.76	0.72993334	0.13719921
715.17	1.00098782	-0.17875827
715.57	0.94677419	0.08878503
715.98	1.10710591	0.59842262
716.38	0.81870082	-0.09922945
716.79	0.87793247	0.11262418
717.19	1.06872519	0.35159863
717.6	1.65721056	0.49738607
718	1.37116642	0.3782538
718.4	1.12423076	-0.42784098
718.81	1.39440442	-0.02819591
719.21	1.41358429	0.03241086
719.61	1.36118097	0.07665724
720.02	1.27619895	0.00914073
720.42	0.69818658	-0.53274679
720.83	0.80058735	-0.55592504
721.23	0.48514085	-0.73009654
721.63	1.18946889	-0.23734558
722.04	0.56261882	0.10254386
722.44	1.49197957	-0.29711096
722.84	0.87204668	-0.23346435
723.25	0.76157128	-0.07734664
723.65	0.40181224	-0.4336416
724.05	0.04175445	-0.18993905
724.46	0.69108533	-0.08841076
724.86	0.56671225	-0.00114573
725.26	0.33298759	-0.15023185
725.66	0.68604648	0.19866221
726.07	0.73573507	0.18464539
726.47	0.3672143	0.05028207
726.87	0.37494798	-0.49578028
727.28	0.57886089	0.06279947
727.68	0.42249233	-0.24639587
728.08	0.33349922	-0.28511315
728.48	0.5238531	-0.31644804
728.89	1.26677248	0.217867
729.29	1.11691854	0.13995323
729.69	0.80000393	-0.27681711
730.09	1.0961585	-0.07791347
730.5	1.58838105	0.73653836
730.9	0.86246648	-0.17584174
731.3	1.57819988	0.7283713
731.7	1.573121	0.52583663
732.1	1.41461122	1.05173177
732.51	1.73957151	0.63318389
732.91	1.54290724	0.40440665
733.31	1.50894978	0.58080402
733.71	1.73698836	0.61246804
734.11	1.68031237	0.67041286
734.51	0.87587873	0.10160155
734.92	1.4040015	0.43173422
735.32	1.03197667	-0.00102107
735.72	1.02891544	0.44964981
736.12	1.26344296	0.49231214
736.52	1.36305385	0.55623381
736.92	1.82367491	0.73011895
737.32	1.44657502	0.46328037
737.73	2.05121609	0.45094723
738.13	1.44464384	0.55054333
738.53	1.45485084	0.9312499
738.93	1.22576971	0.57976672
739.33	1.24152494	0.35579957
739.73	1.38319107	0.97857745
740.13	1.380721	0.79146588
740.53	1.86279092	0.84008357
740.93	1.36650815	0.65045883
741.33	1.48724598	1.23225637
741.73	1.2910749	0.22259725
742.13	1.79162645	0.60863074
742.53	1.20164596	0.16444284
742.93	0.94587015	-0.00545277
743.33	1.23907816	0.12264982
743.73	0.44404545	-0.06949874
744.14	1.03046355	-0.26944295
744.54	1.37112537	0.33719855
744.94	0.88980617	-0.11068899
745.34	1.20356376	0.12794973
745.74	1.28190604	0.5093857
746.14	1.04861819	0.23004328
746.53	1.12511816	0.58558542
746.93	1.03821929	0.43521394
747.33	0.96180798	0.2926654
747.73	1.04369878	0.43005409
748.13	0.9867524	0.216095
748.53	0.828704	0.32210437
748.93	0.59662847	0.68493094
749.33	0.48881396	0.27682067
749.73	0.86615653	0.32483401
750.13	1.00180063	-0.09273289
750.53	1.00481751	0.3218223
750.93	1.39288097	0.19987511
751.33	1.27139776	0.26750574
751.73	1.11017095	0.62387405
752.13	1.64464544	0.62296857
752.52	0.82746805	0.1227668
752.92	1.62832425	0.72477947
753.32	1.5461361	0.03259361
753.72	1.75438407	0.62125112
754.12	1.40168385	0.40986807
754.52	1.66836646	0.63556559
754.92	1.19024327	0.15520633
755.32	1.59678381	0.41118535
755.71	1.54723963	0.40211655
756.11	1.51986379	0.13835543
756.51	1.28769543	0.11600327
756.91	1.78330549	0.51891651
757.31	1.75366229	0.32639533
757.71	1.53746955	0.01736987
758.1	1.44185277	0.60677014
758.5	1.50113216	0.474126
758.9	1.62603797	0.51634895
759.3	2.03798593	0.74488081
759.69	1.57949977	0.59250039
760.09	1.72653345	0.30992978
760.49	1.83692878	0.44186564
760.89	1.57075515	0.56877912
761.29	1.86536632	0.3080477
761.68	2.06203991	1.18374827
762.08	1.49118234	0.46538227
762.48	1.74432237	1.04136215
762.88	1.42218583	0.34948556
763.27	1.76531593	0.50837972
763.67	1.81729247	0.08035345
764.07	1.99427819	0.71526403
764.46	1.88855254	0.3732854
764.86	2.09011881	0.41745983
765.26	1.47509846	0.3662384
765.65	1.41923312	0.44216422
766.05	1.13448927	0.10820093
766.45	1.42768644	0.10008038
766.85	1.8520224	0.71071854
767.24	1.68093719	0.37383539
767.64	0.95617283	0.03743691
768.04	1.17844705	-0.03807649
768.43	0.95478052	0.0371172
768.83	1.53263292	-0.37401599
769.22	1.41718382	0.57654325
769.62	0.94018647	-0.24136217
770.02	0.56475354	-0.50712569
770.41	1.22006181	-0.28828879
770.81	0.82338722	-0.75418463
771.21	1.06282692	-0.48541063
771.6	0.99042622	-0.70526569
772	0.74863082	-0.15172459
772.39	1.22565678	-0.31610156
772.79	1.57775871	-0.21600073
773.18	0.39744015	-0.4218876
773.58	0.23511233	-0.56621617
773.98	0.61453063	-0.57006524
774.37	0.80219915	-0.45061127
774.77	0.50051403	-0.53057957
775.16	0.95728327	-0.13745284
775.56	1.1528408	-0.52464007
775.95	1.1475284	-0.38304482
776.35	1.09190803	-0.02495989
776.74	0.16181698	-1.00963349
777.14	1.34001604	-0.14478072
777.53	0.97848441	-0.06950842
777.93	0.78202503	-0.5533093
778.32	1.69241988	0.01734357
778.72	1.23899075	-0.1014335
779.11	1.40177658	-0.18578375
779.51	1.57293515	0.05642668
779.9	1.39784822	-0.23082435
780.3	0.72224672	0.14883241
780.69	1.57698851	-0.14954818
781.09	1.46444323	0.13073234
781.48	1.59297848	0.63885922
781.88	1.12850106	0.28974029
782.27	2.15399127	0.9335868
782.66	1.66026705	0.00815168
783.06	1.75643386	0.85622504
783.45	1.58621947	1.33841847
783.85	1.50350713	0.60219985
784.24	1.59408857	1.19548034
784.64	0.76646891	-0.38873972
785.03	0.97481728	0.4316667
785.42	0.47054934	-0.48513619
785.82	0.62359126	-0.11928301
786.21	0.5304836	-0.00785862
786.6	0.70056876	-0.22111968
787	0.66061455	0.05460037
787.39	1.06096737	0.51514773
787.78	0.43484205	0.32459901
788.18	0.54471561	0.50704155
788.57	1.03933027	0.64406971
788.96	0.85476777	0.204275
789.36	0.87560242	0.53766407
789.75	0.55409892	0.3180476
790.14	0.45954122	0.06290561
790.54	0.37476993	0.63996427
790.93	0.60264137	0.49535574
791.32	1.131643	0.49674335
791.72	0.37787167	0.31420107
792.11	0.46068434	-0.59567303
792.5	1.21476333	0.52458764
792.89	1.22510055	0.00785586
793.29	0.59426299	0.01575807
793.68	1.54510955	0.86450254
794.07	0.96507999	0.00113222
794.46	1.54460359	0.37020419
794.86	1.04320569	0.00964304
795.25	1.79945758	0.64055195
795.64	1.66847145	0.4830993
796.03	1.53807961	0.42068106
796.43	1.4347698	0.64163476
796.82	1.42542951	-0.12942944
797.21	0.8633454	-0.10925262
797.6	1.66124554	-0.39593006
797.99	1.02231529	-0.26955249
798.39	1.3370988	-0.10992654
798.78	1.338963	-0.29632694
799.17	1.51182412	0.06332933
799.56	1.7225433	-0.08233832
799.95	1.43958634	0.37308102
800.34	1.3234377	-0.04997172
800.74	2.12057431	0.02872988
801.13	1.5834239	0.05143204
801.52	1.39603135	-0.60897711
801.91	1.46126483	-0.46653288
802.3	1.66848516	-0.22440718
802.69	1.55760626	-0.59556392
803.08	2.04879344	0.11279807
803.47	1.60300378	0.17243302
803.87	1.02782786	-0.09506343
804.26	1.62830926	0.18468005
804.65	1.72489154	-0.01838144
805.04	1.13867703	1.17606711
805.43	0.99555317	0.53315149
805.82	2.03168857	0.00541415
806.21	2.06042919	0.14436098
806.6	1.99104958	0.30970428
806.99	1.52175625	0.06387709
807.38	1.46317884	0.54932051
807.77	1.8139697	0.49026412
808.16	1.61109583	0.09347697
808.55	1.12363752	0.60905764
808.94	1.01547658	0.15439449
809.33	1.72750969	0.257809
809.72	1.11894543	-0.2408302
810.11	0.98282117	0.41646895
810.5	1.33096118	0.49197183
810.89	1.16764005	0.5094052
811.28	1.56442695	0.66389839
811.67	1.60437371	0.78451605
812.06	1.49922273	0.12154008
812.45	1.22181752	0.18157436
812.84	0.77334223	0.260547
813.23	1.06076526	-0.2926891
813.62	0.94260292	-0.11633328
814.01	0.86970666	0.1844312
814.4	0.79077216	-0.18287062
814.79	1.26745032	0.2389441
815.18	1.12339995	-0.10537915
815.57	1.55795523	0.32394036
815.95	1.43623987	-0.03443804
816.34	1.12319469	-0.21651208
816.73	1.34580152	-0.08902422
817.12	1.23178097	0.42318697
817.51	1.36651554	0.15199521
817.9	1.22080089	0.0541764
818.29	0.72817332	-0.37321165
818.68	0.91940652	-0.33491683
819.07	1.20924608	0.37493116
819.45	1.51184773	0.35762374
819.84	0.80552999	0.05479297
820.23	1.9134019	0.72940934
820.62	1.73389776	0.1007218
821.01	1.05092458	0.30252837
821.4	1.80158286	0.09665034
821.78	1.48640378	0.68415088
822.17	1.44851851	0.08903938
822.56	2.180097	0.65932767
822.95	0.58094219	-0.1998662
823.34	0.77227789	-0.26227263
823.72	1.53042662	0.93467107
824.11	1.56832328	0.78349542
824.5	0.8863301	0.40767396
824.89	1.48742294	1.16975171
825.27	0.9349896	0.04816788
825.66	1.22609099	-0.08519538
826.05	1.75466226	0.62113549
826.44	0.9719708	0.70706286
826.82	1.15736315	-0.02998669
827.21	1.13130289	-0.10678641
827.6	1.04370118	0.60472137
827.98	0.74102352	-0.16331897
828.37	0.58999548	0.64085279
828.76	0.5401177	-0.19412651
829.15	0.75923833	0.77775855
829.53	1.31885903	0.75273798
829.92	1.11945394	0.68975967
830.31	0.62295094	0.25151986
830.69	-0.06607843	-0.37331149
831.08	0.66307815	-0.18608743
831.47	0.45990118	-0.66016995
831.85	0.98043474	0.04144356
832.24	-0.03348785	-0.10881489
832.63	1.09533041	-0.0947487
833.01	0.7477486	0.42509031
833.4	1.36002604	0.93316425
833.78	1.79045482	0.70544612
834.17	0.98055264	0.89733762
834.56	1.64386968	0.69073437
834.94	1.20051219	0.5181172
835.33	1.75485447	0.59971849
835.71	1.15065806	0.75134702
836.1	1.05359787	0.56897356
836.49	1.41284961	0.24105592
836.87	1.79277067	0.63544642
837.26	2.38432405	0.34654857
837.64	1.5491548	-0.33721594
838.03	1.99130524	0.5147197
838.41	1.2149724	0.58622814
838.8	1.23606264	0.43641678
839.18	1.17929876	0.25166493
839.57	-0.49975243	-1.42344348
839.95	0.38745956	0.54743953
840.34	0.37955063	0.32421297
840.73	1.48905162	1.32679532
841.11	1.32708658	1.03267488
841.5	1.75536688	0.59541449
841.88	0.99157148	0.56859264
842.26	1.14573296	0.56116989
842.65	1.38504528	0.70015011
843.03	0.36690471	0.43215123
843.42	0.96846102	0.75775515
843.8	1.51240657	-0.0618558
844.19	1.38360337	0.80700884
844.57	1.32330899	0.33920274
844.96	0.85728317	0.44358235
845.34	1.33501105	1.27221237
845.73	2.40399484	1.5542485
846.11	1.05389103	0.46516603
846.49	1.37861399	0.79764014
846.88	0.24569402	-0.5367655
847.26	1.36772705	0.61173347
847.65	0.89871868	0.30088399
848.03	1.27208675	1.01766421
848.41	2.19862261	1.42075974
848.8	1.44343105	1.01957858
849.18	1.54838128	0.08647303
849.56	1.61319701	0.61735361
849.95	1.16357913	0.03815514
850.33	1.13055907	0.19938499
850.71	1.57939266	0.97785943
851.1	1.72472856	1.00530784
851.48	2.55476443	1.12411861
851.86	1.4650456	0.31348369
852.25	1.50953622	0.07054347
852.63	1.31218587	0.05425229
853.01	1.67086608	0.60939984
853.4	1.34947059	0.38951116
853.78	1.91975647	0.3036517
854.16	1.62688861	-0.19506704
854.55	1.58390171	0.77073731
854.93	1.95298112	-0.05684035
855.31	1.28867662	-0.48117573
855.69	1.46076293	-0.20819706
856.08	1.47373941	-0.08793072
856.46	1.56162943	1.19119239
856.84	2.5252084	-0.16001511
857.22	1.50351859	0.32253294
857.61	2.57761745	0.99358694
857.99	1.82024001	0.32476646
858.37	2.28975362	0.04165612
858.75	2.13145119	0.94433172
859.13	1.07549092	0.5121718
859.52	1.63280224	0.44937246
859.9	1.86928587	0.54268585
860.28	1.28641158	0.35044432
860.66	2.25081313	0.66588337
861.04	2.59410405	0.84817199
861.43	2.00082093	0.01011368
861.81	2.62758031	0.38914567
862.19	1.56365923	0.40348554
862.57	1.85381558	-0.22841081
862.95	1.97958581	0.53698893
863.33	0.92589957	-0.89690884
863.71	1.37401445	0.04879138
864.1	1.06105066	0.07866286
864.48	1.32821133	-0.23794034
864.86	1.38494399	-0.29502193
865.24	0.90288256	-0.74091281
865.62	0.05508643	-0.19257083
866	1.15461725	-0.91236797
866.38	0.53550108	0.08900729
866.76	0.340576	0.26249195
867.14	1.77276213	0.09036624
867.52	0.503942	-0.04940475
867.9	0.70463402	-0.2774997
868.28	1.9792906	0.88680399
868.67	0.9097184	0.23896962
869.05	0.71093903	0.21366939
869.43	0.33175632	-0.26643129
869.81	1.34169812	0.05499636
870.19	1.34409755	0.07622255
870.57	1.36847015	-0.48083147
870.95	0.20094993	-0.56065877
871.33	-0.11683044	-0.07556359
871.71	0.27120864	1.02307373
872.09	0.28740167	-0.80360671
872.47	0.26812574	-0.15135102
872.85	0.15963833	0.29557994
873.23	0.2161732	0.22131487
873.61	0.89510363	0.42911898
873.99	1.31620719	0.49538381
874.36	0.69588741	-0.47156455
874.74	0.20577668	-0.32426257
875.12	0.89340906	0.404824
875.5	1.34959761	0.00172276
875.88	0.82581253	-0.20678326
876.26	0.71706899	0.39487368
876.64	0.96837188	0.26232544
877.02	0.14705469	-0.08646579
877.4	0.82916945	-0.28396327
877.78	1.32429372	0.57269372
878.16	1.39612151	0.07521551
878.54	0.4181587	0.05258551
878.91	0.55240262	0.75631951
879.29	-0.58234402	-0.50047223
879.67	1.78577582	0.63552821
880.05	0.2382849	-0.60796947
880.43	0.79524056	-0.01771744
880.81	2.04753766	0.74347767
881.19	0.73554494	-0.42323902
881.56	2.4021026	0.06305079
881.94	2.7209876	0.46435769
882.32	1.99592023	0.19268939
882.7	1.79610232	0.71199653
883.08	0.97318891	0.47627097
883.45	0.67926604	-0.2634295
883.83	1.17330492	-0.06774412
884.21	1.52806174	0.24534604
884.59	1.10944722	-0.27203715
884.97	1.16348741	-0.97977822
885.34	0.55143589	-0.10852243
885.72	1.28307996	0.06664847
886.1	1.1829628	0.2459654
886.48	1.43163423	0.33011435
886.85	0.51525041	-0.93052609
887.23	1.1187269	0.69996218
887.61	1.21738391	0.28830063
887.98	1.19607806	0.05897109
888.36	0.91303854	0.22015424
888.74	1.71859131	-0.22837558
889.12	1.48814922	-0.08335874
889.49	0.73136578	0.16277497
889.87	0.37441964	-0.69215249
890.25	0.75609227	0.62887999
890.62	1.18069597	0.28188578
891	-0.0799074	-1.4751396
891.38	1.13738462	-0.53423355
891.75	0.22126289	-0.07919011
892.13	0.68687786	0.08858958
892.51	0.88267618	-0.4604036
892.88	1.40269578	-0.14173888
893.26	0.6414399	-0.91486085
893.64	1.28062405	-0.05069697
894.01	1.25333275	0.11243854
894.39	1.11997963	0.61351973
894.76	1.43842623	0.32098037
895.14	1.31605419	0.14527772
895.52	1.83156489	-0.01560364
895.89	0.84233749	0.18480381
896.27	0.50264952	-0.07585616
896.64	1.13176327	0.68955872
897.02	1.22460289	0.0914769
897.39	1.28519255	0.0254593
897.77	1.39274702	0.58890409
898.15	1.74706404	1.20096129
898.52	1.57646567	1.32631958
898.9	0.29799507	0.19621736
899.27	1.62998132	0.96751401
899.65	1.41503488	0.26667223
900.02	1.95608072	0.69183777
900.4	1.17043862	0.96653552
900.77	1.4265538	0.87653561
901.15	0.76109943	0.69267953
901.52	1.46264178	0.13488998
901.9	1.03746119	0.81845257
902.27	1.1779768	0.80909258
902.65	0.22837883	-0.11138119
903.02	1.40762333	0.73677494
903.4	0.70948554	0.57535542
903.77	1.26562356	0.95086208
904.14	1.60895918	1.06244469
904.52	1.74104375	1.26125413
904.89	0.88155089	0.51202635
905.27	1.73508294	0.93851634
905.64	1.2952366	0.47126221
906.02	1.69416783	0.29701226
906.39	0.92554541	1.37386516
906.76	0.41944637	0.81055
907.14	0.17178432	0.35580168
907.51	0.98361432	0.58005625
907.89	1.36027024	1.08159201
908.26	1.67275528	0.86633331
908.63	1.05655219	0.28367791
909.01	0.85030038	0.88934054
909.38	0.83446563	0.41339371
909.75	1.54644347	0.4882907
910.13	1.15768941	-0.26136133
910.5	1.14972126	0.25332367
910.87	2.24185566	1.10988665
911.25	1.68550237	0.82597789
911.62	2.63384247	0.41536215
911.99	1.02461546	0.84891524
912.37	1.10979623	0.58734556
912.74	0.62524969	-0.11775415
913.11	1.72817504	1.00370278
913.49	1.42155249	0.96006815
913.86	1.40890307	0.43696276
914.23	1.08330868	0.50628926
914.6	2.09754943	0.62970759
914.98	1.00988303	0.59804368
915.35	0.88225674	0.17972933
915.72	2.58864241	0.78670592
916.09	1.70570688	1.46967176
916.47	0.75615707	1.29350217
916.84	1.96286219	0.70382886
917.21	1.51766511	1.18012117
917.58	1.02417459	0.07063788
917.95	1.02565706	0.67080887
918.33	2.17168379	0.2224987
918.7	1.96313222	0.65249956
919.07	1.18395395	0.86129721
919.44	1.41973173	0.08507037
919.81	1.72275372	-0.4379392
920.19	2.57074017	0.3013834
920.56	0.93720292	1.16915705
920.93	1.67952049	-0.89699895
921.3	0.87507176	0.37617753
921.67	3.54680988	1.74632593
922.04	1.39313959	0.13842926
922.41	1.59056787	-0.39809977
922.79	1.17111969	0.52544327
923.16	1.6911733	0.61476627
923.53	1.3213077	-1.70557692
923.9	1.89292584	0.05946237
924.27	0.88972236	-1.5326374
924.64	1.1746614	1.37061719
925.01	1.7219209	-0.90022232
925.38	2.01991421	1.9261792
925.75	0.71778386	-1.25205668
926.12	0.90929095	-0.57911074
926.49	1.24951035	0.22080709
926.86	1.28041193	-0.93501795
927.24	1.93369556	-1.1935212
927.61	0.72418167	-2.37696052
927.98	1.52415478	0.80992063
928.35	1.35015996	0.32676047
928.72	0.63006647	-1.35745014
929.09	1.18025474	0.73627898
929.46	0.92401887	-2.14219092
929.83	2.90588223	0.67845948
930.2	1.88859605	1.22917944
930.57	2.50047329	-0.05747194
930.94	1.09493337	-0.66881347
931.31	1.86998885	0.1736317
931.68	0.41028919	-0.17749793
932.05	1.2549492	-0.45360929
932.41	1.90778857	0.84392699
932.78	2.16677947	0.95216914
933.15	2.08211827	-0.42664012
933.52	1.73967896	1.35671639
933.89	0.19629438	-0.80839363
934.26	0.07897391	-2.16426069
934.63	1.93334436	0.23862304
935	2.97515878	0.72314236
935.37	1.37207794	0.01035666
935.74	2.08450148	1.95521979
936.11	2.50485809	-0.4292348
936.48	2.12410512	0.05749239
936.84	2.37524252	0.37441157
937.21	2.17466552	-0.94748924
937.58	1.18722683	0.77489197
937.95	-0.4398213	-1.06544274
938.32	1.16489062	0.53890841
938.69	0.43666716	-0.42211053
939.06	-1.98755019	-1.64935731
939.42	0.9046757	1.07114949
939.79	1.19213735	0.56180779
940.16	0.87617653	0.81743488
940.53	2.77262686	0.71225429
940.9	2.67414118	-0.3014751
941.26	1.69219447	1.40060534
941.63	-0.08490041	-0.72916064
942	3.38853588	0.46068917
942.37	0.7287113	0.06915286
942.74	1.9868088	0.92811635
943.1	2.67119818	1.06637402
943.47	2.01604824	1.77395112
943.84	1.77166185	0.93294079
944.21	2.21830552	-0.26253032
944.57	2.51414773	1.43496006
944.94	1.53520845	-1.16831022
945.31	-0.21517813	0.93346092
945.67	2.19274813	0.93319211
946.04	2.90839264	1.4431794
946.41	1.19192317	0.15774028
946.78	2.43022423	3.3626564
947.14	0.60877026	1.51649665
947.51	1.26763508	0.87136932
947.88	-0.37064185	0.92063927
948.24	3.37875361	1.76455022
948.61	1.74058408	0.31670255
948.98	1.26185465	1.82782138
949.34	1.51228949	0.73688866
949.71	2.8163243	1.3807727
950.08	2.5703225	4.01866534
950.44	2.85096254	1.97675758
950.81	2.70493983	3.31689848
951.17	3.42874692	1.24029981
951.54	2.46907992	1.88683712
951.91	1.0301608	2.54588013
952.27	1.23228249	1.37239422
952.64	4.35661812	2.06473448
953	2.1084324	0.0455182
953.37	1.71228014	1.24579322
953.74	1.31339669	1.93327448
954.1	1.07834276	-0.51517319
954.47	2.47991179	3.20941529
954.83	-0.15011888	-0.34155836
955.2	1.16910475	0.27761153
955.56	3.62004302	2.01474299
955.93	1.21808944	0.85660504
956.29	1.79799914	0.85109982
956.66	4.25758053	1.12185211
957.02	3.18988953	3.44926659
957.39	0.96352755	1.51035142
957.75	3.46671991	1.95578239
958.12	3.19860838	2.08653403
958.48	2.54095064	1.87096783
958.85	3.01714349	0.55811554
959.21	3.14498057	3.1076422
959.58	1.49663555	1.00064627
959.94	3.0623088	2.19391077
960.31	5.04320931	2.90731678
960.67	3.86032455	2.50154959
961.04	2.74687115	0.99394259
961.4	3.13430475	0.7313737
961.77	2.97517236	2.80043207
962.13	4.19315559	2.18870745
962.49	6.51568362	2.73170397
962.86	5.37190033	2.79829678
963.22	4.35469278	3.47574631
963.59	4.59826455	2.59485537
963.95	5.22462649	3.92823698
964.31	5.26509439	2.95354655
964.68	1.86598884	2.67714952
965.04	2.33126308	3.35033491
965.4	4.73494278	1.79206873
965.77	4.46766167	3.02782958
966.13	2.78850408	2.11633536
966.5	-0.81349937	-0.66034475
966.86	2.98585276	3.07692276
967.22	1.52672823	2.88654865
967.59	4.42775801	2.83517797
967.95	3.79476039	2.978249
968.31	2.33980079	-3.1090718
968.67	2.00637942	1.93834833
969.04	2.37967685	2.47689169
969.4	0.0573946	1.95504485
969.76	3.15415489	-0.069527
970.13	5.36735647	4.4409673
970.49	1.49878151	0.83772657
970.85	-0.53369404	2.63966953
971.21	3.42780241	1.85640228
971.58	4.14306479	0.77713706
971.94	3.306849	2.38992666
972.3	2.22425114	1.65458207
972.66	-0.80255254	-1.10571782
973.03	2.77643466	2.08941807
973.39	4.39048372	1.9282557
973.75	3.48069103	0.34134419
974.11	3.25982308	4.53430476
974.47	0.46303873	2.72415522
974.84	3.37215053	1.14735818
975.2	1.2466407	3.69101957
975.56	0.33060102	0.30275246
975.92	5.4806728	1.81873055
976.28	1.06856083	3.03869627
976.64	2.93068198	0.49539358
977.01	9.15806265	3.84663228
977.37	2.53355983	-4.22452103
977.73	4.19154495	0.98964585
978.09	0.39192292	2.05299997
978.45	5.65748357	6.68669328
978.81	3.32084162	1.2620814
979.17	1.14558003	4.87634964
979.54	2.11967457	-2.49862069
979.9	1.23573146	0.51095286
980.26	1.87155762	1.33271159
980.62	1.41586932	3.4410064
980.98	3.63230277	0.78604484
981.34	-1.11689081	0.33831903
981.7	-0.64177826	1.86381648
982.06	2.6204148	-3.19416624
982.42	1.51997749	3.98358439
982.78	3.70144517	1.85989859
983.14	2.22931772	2.0056702
983.5	3.49661738	0.72861726
983.86	1.27989159	-1.33908008
984.22	1.81202405	3.5352148
984.58	0.99218934	3.72736672
984.94	0.91186436	-1.50446336
985.3	-0.91361605	-2.29258959
985.66	0.5441407	-2.5742441
986.02	-1.87153128	-2.00880448
986.38	2.19564302	0.15433404
986.74	2.09610455	2.05701839
987.1	1.66155626	-2.28335436
987.46	0.90628539	2.62549041
987.82	3.08932316	-1.50995911
988.18	1.1605021	5.41529194
988.54	3.46779508	2.15694332
988.9	0.00400821	-3.75569747
989.26	2.3330058	1.51979187
989.62	1.24600097	0.50409676
989.98	0.25776841	1.99331346
990.34	6.79736855	3.31306231
990.69	1.03340597	0.79516822
991.05	1.35433751	1.82511874
991.41	1.7078128	0.6492399
991.77	5.44066292	0.75135306
992.13	1.66824792	-0.39554264
992.49	4.17291986	0.46099707
992.85	2.94450075	-2.07873386
993.21	-4.54081437	-3.87958416
993.56	8.08757398	6.48128111
993.92	2.11747414	0.76869527
994.28	0.75028794	0.22778414
994.64	-2.40776267	1.09079127
995	1.52826394	-4.35551657
995.36	4.89541716	-2.56720664
995.71	-5.31017669	-7.3705671
996.07	2.89059232	1.03985522
996.43	3.67838347	1.07947948
996.79	1.60485193	1.14764437
997.14	1.5200581	-0.62875107
997.5	5.82886941	-0.83635763
997.86	-0.56698108	-2.7256666
998.22	-1.77096492	1.83671533
998.58	4.9270851	-0.93382583
998.93	-2.08126131	-2.13509277
999.29	-0.5522185	-3.43169702
999.65	-1.31495092	5.31833477
1000	11.02761571	6.6756999
1000.36	8.91177378	-0.41539293
1000.72	-1.67775432	0.23449568
1001.08	2.02116071	9.39387927
1001.43	1.07857017	2.46819654
1001.79	-2.46267528	0.28541505
1002.15	-6.94602406	-2.01014514
1002.5	-2.24105105	-5.34011179
1002.86	3.27051982	1.14809768
1003.22	5.4660415	1.43411067
1003.57	-1.65806	-0.69554504
1003.93	10.65360371	7.09663542
1004.29	6.59183244	12.69052714
1004.64	3.21548158	0.74483683
1005	-0.69234272	9.53947429
1005.36	4.52200116	-0.37321268
1005.71	1.2450986	-2.90690691
1006.07	1.24443287	-3.04420405
1006.42	-2.41072759	14.33360958
1006.78	3.68504554	-0.87302652
1007.14	-2.84036089	7.05117888
1007.49	-0.77933455	11.10997647
1007.85	-0.25351949	4.84825927
1008.2	0.0244412	-4.02693276
1008.56	0.3846826	-3.41052485
1008.91	7.44369601	0.97466576
1009.27	5.6705118	-9.06386077
1009.62	2.48248069	-3.52165277
1009.98	9.55000738	-0.15619509
1010.34	9.75499996	4.77651216
1010.69	5.95804446	0.13949007
1011.05	5.69417018	17.83773999
1011.4	4.12826801	-2.26391989
1011.76	6.940088	0.37152942
1012.11	-3.38823865	3.88169239
1012.47	-16.73834863	-16.24988243
1012.82	-0.75297829	-2.88724245
1013.18	-5.4423434	-9.26428936
1013.53	-2.13553261	-12.00449501
1013.88	8.40642883	8.21365738
1014.24	39.05982602	15.16711981
1014.59	-11.49071674	-2.73169121
1014.95	-0.32918017	3.79513471
1015.3	1.65600343	0.72646596
1015.66	13.9070447	4.00045313
1016.01	3.65400451	2.67653051
1016.37	3.11254528	-3.37694341
1016.72	-3.77153252	3.36241019
1017.07	3.56782834	-9.60711533
1017.43	0.57343647	5.17033293
1017.78	3.30926573	4.37627877
1018.13	0.72002681	6.98310217
1018.49	8.847079	-9.62394471
1018.84	29.01272748	3.56871651
1019.2	8.00040007	-8.95865451
1019.55	-7.21103543	-0.9049529
1019.9	-9.22989739	-35.8342857
1020.26	-10.41363162	-7.32663652
1020.61	7.61529655	4.12727445
1020.96	23.36872429	8.72180647
1021.32	20.67739137	-3.998678
1021.67	22.87326646	10.71649212
1022.02	33.5768928	-1.80093665
1022.38	25.26094684	26.4734058
1022.73	13.64330113	-23.1672477
1023.08	79.90239898	24.45062454
1023.43	7.64044413	16.05245519
1023.79	2.01462004	-2.85045143
1024.14	-7.30043448	-4.26680007
1024.49	-0.25227038	0.60853323
1024.84	-14.22775116	2.58066037
1025.2	-11.61343429	-12.72510707
1025.55	5.09416581	-3.67202278
1025.9	34.44508765	18.21949948
1026.25	-19.9280364	-13.94950881
1026.61	34.18102197	7.37934377
1026.96	-36.87371269	-18.07816056
1027.31	-0.27490412	20.75614956
1027.66	-2.07393065	-32.91877704
1028.01	-5.48788616	-12.92924607
1028.37	2.77740316	6.32320148
1028.72	-15.57373965	4.18017155
1029.07	-22.80600913	-6.58469652
1029.42	-9.61882626	3.46876458
1029.77	14.28970704	38.53755209
1030.12	12.41154927	40.47543005
1030.48	34.09721498	-10.24343478
1030.83	28.80787823	-1.88793287
1031.18	-12.71462947	33.46328991
1031.53	43.53177593	74.4865916
1031.88	-32.91652271	-16.56411215
1032.23	-9.46664946	-21.69949854
1032.58	41.43701856	15.71194849
1032.93	-5.21657785	-2.45180802
1033.28	30.17395978	24.24273133
1033.64	26.43567478	24.49354577
1033.99	-43.00059461	-26.60763963
1034.34	-43.00042243	-26.60746746
1034.69	-43.00025091	-26.60729594
