Wavelength (nm)	S2_532(arb.units)	S2_450(arb.units)	S2_400(arb.units)
189.07	6.698E-4	-0.00165323	0
189.54	6.698E-4	-0.00165323	0
190.01	6.698E-4	-0.00165323	0
190.48	0.00427881	-0.00266092	0
190.95	0.00131656	1.4036E-4	0
191.41	0.00323912	-0.00247222	0
191.88	-0.00268051	-0.00209969	0
192.35	0.00471825	-0.00205115	0
192.82	-5.5196E-4	-3.6481E-4	0
193.29	3.2825E-4	-0.00142106	0
193.75	-0.00177283	-0.00127054	0
194.22	0.00118942	-0.0018854	0
194.69	3.2737E-4	-0.002263	0
195.16	0.00144901	-0.00240844	0
195.63	0.00256711	-1.428E-4	0
196.09	0.00242358	-0.0010205	0
196.56	0.00283201	-8.166E-5	0
197.03	5.2095E-4	-7.6273E-4	0
197.5	0.00230885	-0.00137007	0
197.96	6.1309E-4	-8.8014E-4	0
198.43	0.00392929	-8.3687E-4	0
198.9	0.00468015	-8.6998E-4	0
199.37	-7.5662E-4	-0.00230383	0
199.83	0.00482058	-5.2304E-4	0
200.3	0.01476209	-8.0112E-4	0
200.77	0.01154512	-0.00260486	0
201.24	0.00830467	-0.00129085	0
201.7	0.00877734	-0.00157401	0
202.17	0.00976786	-0.00127562	0
202.64	0.0113759	-4.8729E-4	0
203.1	0.0085049	-0.00167862	0
203.57	0.00709488	4.2859E-4	0
204.04	0.00782403	-0.00128577	0
204.51	0.01174978	-9.0817E-4	0
204.97	0.00851376	2.7544E-4	0
205.44	0.00919729	-8.777E-4	0
205.91	0.00952776	-0.00143121	0
206.37	0.0096611	-0.00190571	0
206.84	0.00753033	-0.00132152	0
207.31	0.00973773	-4.1072E-4	0
207.77	0.00606582	-0.00218135	0
208.24	0.00480286	-0.00116593	0
208.71	0.00695799	-0.00232414	0
209.17	0.01122883	-4.083E-5	0
209.64	0.00730308	9.689E-5	0
210.1	0.00746787	-1.7103E-4	0
210.57	0.00564188	-1.787E-5	0
211.04	0.00771018	-0.00186752	0
211.5	0.00704482	-0.00128842	0
211.97	0.00829448	-8.5982E-4	0
212.44	0.00690262	-6.5568E-4	0
212.9	0.00411047	1.9642E-4	0
213.37	0.00615929	4.9745E-4	0
213.83	0.00552582	-6.9387E-4	0
214.3	0.00550367	-0.00122707	0
214.77	0.00938069	-9.7459E-4	0
215.23	0.00286302	3.0103E-4	0
215.7	0.00491405	-0.00131645	0
216.16	0.00654424	-6.0978E-4	0
216.63	0.00791307	-5.0761E-4	0
217.09	9.8609E-4	0.00112246	0
217.56	0.00636838	-0.00103065	0
218.03	0.00719853	-0.00199508	0
218.49	0.00745458	-0.0017424	0
218.96	0.00901567	-0.00123987	0
219.42	0.01071363	-7.2718E-4	0
219.89	0.00740098	-0.00131888	0
220.35	0.00704393	-5.5108E-4	0
220.82	0.00555151	1.3528E-4	0
221.28	0.00569504	-8.1128E-4	0
221.75	0.0053123	-0.00191851	0
222.21	0.00299769	-0.0011379	0
222.68	0.00604234	2.1694E-4	0
223.14	0.00703817	-0.00169913	0
223.61	0.00860502	-0.00131645	0
224.07	0.00572073	-0.00166602	0
224.54	0.00467129	-0.00104609	0
225	0.0045477	-0.00245171	0
225.47	0.00693584	-5.3056E-4	0
225.93	0.00614245	-1.4544E-4	0
226.4	0.00964648	-1.5559E-4	0
226.86	0.00994372	-7.0667E-4	0
227.33	0.00456454	1.7347E-4	0
227.79	0.00707716	-0.00160976	0
228.26	0.00686585	1.1477E-4	0
228.72	0.00707184	-4.347E-5	0
229.18	0.00838707	-0.00166338	0
229.65	0.00776822	-0.00145173	0
230.11	0.0033605	4.083E-5	0
230.58	0.00645387	-8.3687E-4	0
231.04	0.00742977	-0.00129085	0
231.51	0.00722511	5.1289E-4	0
231.97	0.00602905	5.606E-5	0
232.43	0.00439221	-5.87E-5	0
232.9	0.00950738	-3.2398E-4	0
233.36	0.00704482	-5.0517E-4	0
233.83	0.00461016	0.00114298	0
234.29	0.00840257	-4.03E-4	0
234.75	0.00679364	-0.00108164	0
235.22	0.00728403	-9.1081E-4	0
235.68	0.00828784	0.00105868	0
236.14	0.0081164	-3.5465E-4	0
236.61	0.00392575	-5.8175E-4	0
237.07	0.00481039	-0.00166602	0
237.53	0.00626693	-0.00161484	0
238	0.00850269	-0.00186752	0
238.46	0.00801629	7.658E-5	0
238.93	0.00763931	-0.00157929	0
239.39	0.00550057	-2.9331E-4	0
239.85	0.00594798	-0.00161748	0
240.31	0.00429874	-2.73E-4	0
240.78	0.00172366	-9.0309E-4	0
241.24	0.00667448	-9.1081E-4	0
241.7	0.00732966	1.6067E-4	0
242.17	0.00845263	6.6848E-4	0
242.63	0.00857932	-6.8636E-4	0
243.09	0.00808451	-0.00133168	0
243.56	0.00680693	-0.00113282	0
244.02	0.01075173	-0.00224249	0
244.48	0.00629263	-0.00183949	0
244.94	0.00796313	-3.7761E-4	0
245.41	0.00893017	-0.00109443	0
245.87	0.00443651	-4.2087E-4	0
246.33	0.00588995	-6.4045E-4	0
246.8	0.00422609	-0.00139546	0
247.26	0.00577655	-0.00119396	0
247.72	0.00785637	-4.745E-4	0
248.18	0.00657525	-0.00155634	0
248.64	0.00572959	5.7403E-4	0
249.11	0.00424736	-0.00161748	0
249.57	0.00583989	-6.7092E-4	0
250.03	0.00606582	-0.00130629	0
250.49	0.00919818	3.6745E-4	0
250.96	0.01029545	5.0761E-4	0
251.42	0.007125	-0.00129349	0
251.88	0.00810311	6.1222E-4	0
252.34	0.00736776	-0.00143893	0
252.8	0.01110346	2.858E-4	0
253.27	0.00594444	-0.0011966	0
253.73	0.00887657	-0.00109707	0
254.19	0.00915388	-9.1853E-4	0
254.65	0.00580667	-0.00160976	0
255.11	0.0103052	-0.0016839	0
255.57	0.00719189	8.5718E-4	0
256.04	0.00640515	-6.8372E-4	0
256.5	0.00439886	7.1682E-4	0
256.96	0.00445866	-7.8061E-4	0
257.42	0.00664081	-0.00139546	0
257.88	0.00778815	-1.28E-5	0
258.34	0.00488614	-0.00244663	0
258.8	0.00392132	-0.00135463	0
259.27	0.00719189	-5.606E-5	0
259.73	0.00650659	-1.5559E-4	0
260.19	0.00922919	7.72E-6	0
260.65	0.00446575	-6.5304E-4	0
261.11	0.00573535	-7.0931E-4	0
261.57	0.00452245	-9.0065E-4	0
262.03	0.00713962	-0.00126038	0
262.49	0.00774385	-0.00103837	0
262.95	0.00792858	5.332E-4	0
263.41	0.00619606	-9.8739E-4	0
263.88	0.00830334	-0.00135727	0
264.34	0.00819658	-0.00284719	0
264.8	0.00476034	-0.00243383	0
265.26	0.00729068	-0.00159696	0
265.72	0.00546247	-4.4911E-4	0
266.18	0.00903117	-4.6678E-4	0
266.64	0.00764905	-2.2201E-4	0
267.1	0.00857711	-0.00130629	0
267.56	0.00658323	-0.00139038	0
268.02	0.00862628	-2.602E-4	0
268.48	0.01057365	-3.0875E-4	0
268.94	0.00725745	-0.00145416	0
269.4	0.00452245	-0.00227824	0
269.86	0.00566181	-4.4911E-4	0
270.32	0.00853503	-0.00310231	0
270.78	0.00581996	-0.0012092	0
271.24	0.00831353	-0.0026916	0
271.7	0.00878221	5.3056E-4	0
272.16	0.00492867	-0.00151551	0
272.62	0.00630813	-1.4544E-4	0
273.08	0.00808894	-1.5316E-4	0
273.54	0.0072198	-6.76E-4	0
274	0.00784397	-4.8729E-4	0
274.46	0.01062149	4.2087E-4	0
274.92	0.00956984	-4.5154E-4	0
275.38	0.00785194	-4.745E-4	0
275.84	0.00912375	-0.00115313	0
276.3	0.00565517	-0.00109951	0
276.76	0.00465801	-7.0159E-4	0
277.22	0.00621245	-0.00222969	0
277.68	0.00774695	-0.00196949	0
278.14	0.00637414	-2.73E-4	0
278.59	0.00484052	-0.00113526	0
279.05	0.01003498	-0.00114542	0
279.51	0.00766943	3.6989E-4	0
279.97	0.01036456	-8.2407E-4	0
280.43	0.00755337	2.2445E-4	0
280.89	0.00529015	-0.00183949	0
281.35	0.00556701	-8.7506E-4	0
281.81	0.00655665	-0.0010205	0
282.27	0.00601443	-9.8475E-4	0
282.72	0.00567067	-0.00188783	0
283.18	0.00617922	1.4787E-4	0
283.64	0.00733187	-5.0253E-4	0
284.1	0.00958313	-2.7036E-4	0
284.56	0.00695932	2.7808E-4	0
285.02	0.0058111	-8.2143E-4	0
285.48	0.00482811	-0.00103837	0
285.93	0.01010851	-7.219E-4	0
286.39	0.00702843	-0.00171944	0
286.85	0.00602905	-2.2709E-4	0
287.31	0.00785194	-0.0013522	0
287.77	0.00587312	-8.937E-5	0
288.23	0.00509878	-1.3772E-4	0
288.68	0.00756799	-9.0065E-4	0
289.14	0.00476034	-0.00146696	0
289.6	0.01007928	-0.00132152	0
290.06	0.00889783	-0.00122971	0
290.52	0.00630282	-2.3217E-4	0
290.97	0.00742446	-0.00105624	0
291.43	0.00296978	-0.00255632	0
291.89	0.00716398	-3.317E-4	0
292.35	0.00818684	-6.3517E-4	0
292.81	0.00967793	-1.6067E-4	0
293.26	0.00566979	-0.00106132	0
293.72	0.00388809	-2.3217E-4	0
294.18	0.00848364	-2.9595E-4	0
294.64	0.00599228	-0.00251285	0
295.09	0.00719189	-0.00158945	0
295.55	0.00779701	-5.1289E-4	0
296.01	0.00904224	9.6443E-4	0
296.46	0.00621156	-5.204E-4	0
296.92	0.01067244	-0.00157157	0
297.38	0.00732434	-9.0573E-4	0
297.84	0.00713297	-3.819E-5	0
298.29	0.00727296	-0.00146188	0
298.75	0.00493532	-0.00148727	0
299.21	0.00440196	-4.6942E-4	0
299.66	0.00750907	-0.00185737	0
300.12	0.00735668	-0.0011966	0
300.58	0.00711525	-0.00148484	0
301.03	0.00763798	-0.00110723	0
301.49	0.00513776	-0.00115313	0
301.95	0.0057287	-3.8005E-4	0
302.4	0.00612562	3.9548E-4	0
302.86	0.00635597	-0.00121184	0
303.32	0.00505093	-0.00137251	0
303.77	0.00777486	-3.3678E-4	0
304.23	0.00731858	-0.00197721	0
304.69	0.00679896	1.9134E-4	0
305.14	0.00970008	-0.00160732	0
305.6	0.01179629	-0.00131888	0
306.06	0.00890758	1.5051E-4	0
306.51	0.00588995	-3.3922E-4	0
306.97	0.00683927	4.3631E-4	0
307.42	0.00715955	2.6284E-4	0
307.88	0.00329848	1.9642E-4	0
308.34	0.00626383	-0.00114034	0
308.79	0.00371311	-3.6237E-4	0
309.25	0.00644058	-0.00166602	0
309.7	0.01048904	-0.00228332	0
310.16	0.00759368	-4.2859E-4	0
310.62	0.00803888	-0.00118381	0
311.07	0.00925842	-0.0026788	0
311.53	0.00498094	-6.5061E-4	0
311.98	0.00408611	-0.0018854	0
312.44	0.00680472	-0.00149763	0
312.89	0.00621909	-0.00150271	0
313.35	0.00823335	1.1984E-4	0
313.8	0.0067458	2.9331E-4	0
314.26	0.01159606	-0.00207166	0
314.72	0.00792193	6.378E-5	0
315.17	0.00898687	-0.00150007	0
315.63	0.00748249	-0.00259714	0
316.08	0.01034773	-3.3678E-4	0
316.54	0.00944315	2.803E-5	0
316.99	0.00849826	3.7253E-4	0
317.45	0.00702931	-0.00126038	0
317.9	0.00947504	-4.591E-5	0
318.36	0.00578319	-0.00151551	0
318.81	0.00815982	9.953E-5	0
319.27	0.00352529	-1.9906E-4	0
319.72	0.00538672	-0.00212265	0
320.17	0.00783068	-0.00118888	0
320.63	0.00635819	-8.3931E-4	0
321.08	0.00479843	-0.00106904	0
321.54	0.007024	-5.7911E-4	0
321.99	0.0089532	9.953E-5	0
322.45	0.00657304	-0.00137007	0
322.9	0.00600336	1.3264E-4	0
323.36	0.00598564	-0.00112246	0
323.81	0.00521351	-1.428E-4	0
324.26	0.00900902	5.1289E-4	0
324.72	0.00578408	-0.00110215	0
325.17	0.00453353	-7.5765E-4	0
325.63	0.00921501	3.575E-5	0
326.08	0.00847256	-7.219E-4	0
326.54	0.00557942	2.295E-5	0
326.99	0.00932841	-6.7356E-4	0
327.44	0.00457118	4.1844E-4	0
327.9	0.00748559	2.64E-6	0
328.35	0.00389474	-7.7553E-4	0
328.8	0.00746654	-7.902E-5	0
329.26	0.00782625	-9.949E-4	0
329.71	0.00616239	-2.2953E-4	0
330.17	0.00686807	-2.295E-5	0
330.62	0.00821209	-0.00104345	0
331.07	0.00771284	5.5879E-4	0
331.53	0.00576326	-5.1289E-4	0
331.98	0.00730219	-0.00103573	0
332.43	0.00478381	-0.00118381	0
332.89	0.00714493	2.8315E-4	0
333.34	0.00874987	1.4036E-4	0
333.79	0.00649862	0.00142106	0
334.25	0.00849604	-0.00210477	0
334.7	0.0045477	-0.00135727	0
335.15	0.00736554	2.4233E-4	0
335.6	0.00748337	-0.00118624	0
336.06	0.0078072	-7.0667E-4	0
336.51	0.00709709	-0.00148484	0
336.96	0.00666784	-0.00122463	0
337.42	0.00671213	-3.445E-4	0
337.87	0.00585894	-6.9387E-4	0
338.32	0.00997163	-0.00184701	0
338.77	0.0083946	8.409E-5	0
339.23	0.0062625	-0.00139038	0
339.68	0.00634711	8.673E-5	0
340.13	0.00571984	-0.00129593	0
340.58	0.00923937	1.787E-5	0
341.04	0.0052711	5.4336E-4	0
341.49	0.00794851	-3.9284E-4	0
341.94	0.00831486	7.0159E-4	0
342.39	0.00792725	-0.0011966	0
342.85	0.00673207	-0.00191343	0
343.3	0.00639496	-0.00182405	0
343.75	0.00881632	2.9859E-4	0
344.2	0.00967439	0	0
344.65	0.00584432	-0.00124759	0
345.11	0.00349517	2.4497E-4	0
345.56	0.00570611	-8.673E-5	0
346.01	0.00743908	-4.1072E-4	0
346.46	0.00546468	-7.4242E-4	0
346.91	0.00779701	2.5776E-4	0
347.36	0.00753565	-1.2248E-4	0
347.82	0.00691812	-6.6848E-4	0
348.27	0.00754362	-5.5108E-4	0
348.72	0.00360104	-4.5926E-4	0
349.17	0.00670682	-8.649E-4	0
349.62	0.0065088	3.0103E-4	0
350.07	0.00246389	-0.00180882	0
350.52	0.00718967	-0.00100526	0
350.98	0.00714493	-5.6895E-4	0
351.43	0.00402941	-9.0309E-4	0
351.88	0.00476609	3.5709E-4	0
352.33	0.00811995	-9.3884E-4	0
352.78	0.00471249	-5.1025E-4	0
353.23	0.00660006	-0.00111231	0
353.68	0.00554708	-0.00149499	0
354.13	0.00663638	-5.1533E-4	0
354.58	0.00444537	-5.606E-5	0
355.04	0.00387259	-7.6801E-4	0
355.49	0.00924247	-9.181E-5	0
355.94	0.00636838	-3.9792E-4	0
356.39	0.0062625	-8.3931E-4	0
356.84	0.00827809	-0.00222725	0
357.29	0.0073208	-5.7403E-4	0
357.74	0.00641179	-0.00117609	0
358.19	0.00850623	-3.0875E-4	0
358.64	0.0032338	3.317E-4	0
359.09	0.00720429	9.8739E-4	0
359.54	0.00654291	-0.00231135	0
359.99	0.00719721	-0.00153318	0
360.44	0.0077629	7.72E-6	0
360.89	0.00580888	-0.00138531	0
361.34	0.0073363	-5.4336E-4	0
361.79	0.00774252	4.3367E-4	0
362.24	0.0088243	-0.00224757	0
362.69	0.00400593	-9.3884E-4	0
363.14	0.00793389	-9.2868E-4	0
363.59	0.00793611	-4.6434E-4	0
364.04	0.00755913	-5.6631E-4	0
364.49	0.00918489	3.067E-5	0
364.94	0.00467705	-9.1081E-4	0
365.39	0.00541684	-0.00160224	0
365.84	0.00585761	-0.00128577	0
366.29	0.00609151	-0.0020869	0
366.74	0.00699387	-0.00209461	0
367.19	0.00697483	-5.1797E-4	0
367.64	0.00959642	0.00150515	0
368.09	0.0075857	-8.1128E-4	0
368.54	0.0071405	-0.00134448	0
368.99	0.00963452	0.0013266	0
369.43	0.0066386	-1.3528E-4	0
369.88	0.00717506	0.00117101	0
370.33	0.00871975	-0.00159188	0
370.78	0.00579294	-0.00173732	0
371.23	0.00515991	-7.7553E-4	0
371.68	0.00508992	-9.4148E-4	0
372.13	0.00626915	1.428E-4	0
372.58	0.00669353	9.7195E-4	0
373.03	0.00496943	-0.00124495	0
373.47	0.00548373	-4.1579E-4	0
373.92	0.00763931	0.00117365	0
374.37	0.00429741	-0.00104609	0
374.82	0.00436076	-4.0564E-4	0
375.27	0.00472135	-3.2662E-4	0
375.72	0.00694382	-1.0197E-4	0
376.17	0.00646628	-0.00140582	0
376.61	0.00339948	-6.4553E-4	0
377.06	0.00766943	-8.0356E-4	0
377.51	0.00573092	0.00105117	0
377.96	0.00472711	-9.5671E-4	0
378.41	0.00688268	-6.7356E-4	0
378.86	0.00464693	-6.7864E-4	0
379.3	0.00540488	-0.00204343	0
379.75	0.01117788	-8.7242E-4	0
380.2	0.00708602	-0.00102557	0
380.65	0.00757109	-3.317E-4	0
381.09	0.00883448	6.1486E-4	0
381.54	0.00642065	-0.00166074	0
381.99	0.00672099	-7.902E-5	0
382.44	0.00571763	-7.1682E-4	0
382.89	0.00530787	5.4843E-4	0
383.33	0.00257951	-0.00154862	0
383.78	0.00848585	-3.445E-4	0
384.23	0.00764684	-0.00108692	0
384.68	0.00689154	4.5419E-4	0
385.12	0.00685921	5.919E-4	0
385.57	0.00338265	-5.6123E-4	0
386.02	0.00499866	-8.8278E-4	0
386.47	0.00587755	-0.00121692	0
386.91	0.00631389	-8.3423E-4	0
387.36	0.00470585	-2.9331E-4	0
387.81	0.00851376	-0.00206658	0
388.25	0.0014809	1.4544E-4	0
388.7	0.008003	1.2248E-4	0
389.15	0.00588109	0.00159696	0
389.59	0.00530787	3.3678E-4	0
390.04	0.00633382	-8.8278E-4	0
390.49	0.00693806	0.00115578	0
390.93	0.00463143	-3.904E-4	0
391.38	0.00500752	-2.9331E-4	0
391.83	0.00825018	-5.9962E-4	0
392.27	0.0056627	-2.3989E-4	0
392.72	0.00433773	-1.523E-5	0
393.17	0.00773588	4.8465E-4	0
393.61	0.00673428	3.8269E-4	0
394.06	0.00924026	2.8823E-4	0
394.51	0.0079999	-9.362E-4	0
394.95	0.00655665	-4.9237E-4	0
395.4	0.00979444	-7.2454E-4	0
395.85	0.00538938	4.0828E-4	0
396.29	0.00757596	-5.362E-5	0
396.74	0.00236112	4.347E-5	0
397.18	0.00770575	-0.00153846	0
397.63	0.01046113	-6.7092E-4	0
398.08	0.00710506	-5.204E-4	0
398.52	0.00791307	3.4958E-4	0
398.97	0.00695711	1.2756E-4	0
399.41	0.00821785	-1.1984E-4	0
399.86	0.0012665	-8.5211E-4	-9.016E-4
400.3	0.00741338	2.0658E-4	0.00160991
400.75	0.00652741	3.189E-4	0.00167425
401.19	0.00681003	-8.0864E-4	-0.00103029
401.64	0.00588774	-1.8362E-4	-7.7265E-4
402.09	0.00132985	-0.00238021	6.434E-5
402.53	0.00488526	4.855E-5	-0.00154556
402.98	0.00546601	3.0367E-4	-9.6594E-4
403.42	0.0057699	1.9398E-4	-0.00115923
403.87	0.00756444	-0.00135463	-5.1527E-4
404.31	0.00582528	-4.3123E-4	0.00199623
404.76	0.00424869	-0.00122199	0
405.2	0.00849693	-3.2906E-4	-3.2198E-4
405.65	0.00230575	-4.8222E-4	0.00122358
406.09	0.0053278	-1.2756E-4	-1.2869E-4
406.54	0.0096766	-0.00142613	-0.00109463
406.98	0.00621599	0.00106904	-0.00128792
407.43	0.00684902	5.5108E-4	-9.6594E-4
407.87	0.00667758	0.00100262	0.00135227
408.32	0.00427083	-7.8061E-4	0.00148122
408.76	0.00675776	3.6989E-4	-5.1527E-4
409.21	0.00750021	-9.5164E-4	1.2869E-4
409.65	0.00582749	4.855E-5	-5.7962E-4
410.09	0.00765348	7.4242E-4	0.00206058
410.54	0.00809115	-4.083E-5	-0.00160991
410.98	0.00748692	0.00138023	6.4396E-4
411.43	0.00384247	4.2615E-4	-4.5067E-4
411.87	0.00654424	-4.083E-5	-0.00148122
412.32	0.00839238	5.5108E-4	0
412.76	0.00647957	-5.5879E-4	6.434E-5
413.2	0.00587533	-3.6481E-4	-6.434E-5
413.65	0.00557499	4.8465E-4	-0.00283348
414.09	0.00778815	-2.0922E-4	0
414.54	0.00513112	-1.5559E-4	3.8633E-4
414.98	0.00424869	-0.00104081	-0.00135227
415.42	0.0070652	7.3978E-4	0
415.87	0.00745768	2.3725E-4	-6.4396E-4
416.31	0.00510542	-0.00103065	-3.8633E-4
416.76	0.00680782	-1.7347E-4	-0.00109463
417.2	0.00787719	7.15E-5	0.00225387
417.64	0.00859837	-0.0013522	-0.00128792
418.09	0.00681889	-2.2709E-4	-0.00186754
418.53	0.00655443	-1.28E-5	1.9329E-4
418.97	0.00501062	3.8269E-4	6.434E-5
419.42	0.00487728	-0.00107412	-0.00154556
419.86	0.00476388	-0.0013522	5.1527E-4
420.3	0.00570744	5.9962E-4	-0.00109463
420.75	0.00867412	3.1119E-4	9.6594E-4
421.19	0.0059945	0.0010664	-1.9329E-4
421.63	0.0057287	-6.642E-5	0.00167425
422.08	0.00545272	-7.6801E-4	1.2869E-4
422.52	0.00947194	1.1741E-4	0.00218952
422.96	0.00505093	-4.8222E-4	-2.5764E-4
423.4	0.00735757	-9.7967E-4	-0.00257585
423.85	0.00372773	-4.347E-5	-3.2198E-4
424.29	0.00841586	-2.6528E-4	-3.2198E-4
424.73	0.0062851	1.5823E-4	-0.00173859
425.18	0.00727517	6.8879E-4	-7.7265E-4
425.62	0.00669796	2.031E-5	2.5764E-4
426.06	0.00608221	4.0828E-4	-6.434E-5
426.5	0.00810223	0.00138267	4.5067E-4
426.95	0.0086028	-3.819E-5	0.00122358
427.39	0.00558739	-2.858E-4	6.4396E-4
427.83	0.0079206	-0.0010792	0.00257585
428.27	0.00462124	-5.8418E-4	-0.00141661
428.72	0.00500531	0.00115821	0.00225387
429.16	0.00457251	0.00190835	4.5067E-4
429.6	0.00708734	0.00201296	3.2198E-4
430.04	0.00777619	-0.00125267	9.016E-4
430.48	0.00556391	9.7703E-4	-0.00315547
430.93	0.00332063	4.745E-4	0.00148122
431.37	0.00197749	6.6076E-4	0.00135227
431.81	0.00827809	0.00142106	5.7962E-4
432.25	0.00464604	0.00230119	-0.00225387
432.69	0.00759235	0.00255896	-0.00141661
433.14	0.00725302	0.00233938	0.00167425
433.58	0.0072353	0.00259978	0.00199623
434.02	0.00369451	0.00261502	0.00109463
434.46	0.00221006	0.00128577	6.434E-5
434.9	0.00282183	0.00373748	-0.00302652
435.34	0.00310224	0.00290833	-0.00341285
435.79	0.0060667	0.00171437	-3.8633E-4
436.23	0.0047816	0.00467896	8.3725E-4
436.67	0.00688357	0.00204343	-0.00315547
437.11	0.00257818	0.00487274	-7.0831E-4
437.55	0.00714715	0.00538055	7.0831E-4
437.99	0.00669885	0.00537791	-0.00160991
438.43	0.00467041	0.00601064	0.00264019
438.87	0.00670239	0.00582946	-0.00109463
439.32	0.00603126	0.00655156	6.434E-5
439.76	0.00397935	0.00771242	6.434E-5
440.2	0.00428988	0.00902866	-3.8633E-4
440.64	0.00687338	0.006554	9.016E-4
441.08	0.00746344	0.01043956	0.00173859
441.52	0.00354434	0.00853629	-9.016E-4
441.96	0.00738769	0.00974569	-9.016E-4
442.4	0.00465136	0.01066909	-9.6594E-4
442.84	0.0037933	0.01061303	-0.00109463
443.28	0.01095728	0.01388109	0.00141661
443.72	0.00669796	0.01575633	-4.5067E-4
444.16	0.01063124	0.01663139	0.00225387
444.6	0.00765791	0.01822591	-1.2869E-4
445.04	0.00632496	0.02149397	-0.00128792
445.48	0.00656994	0.02359874	-6.434E-5
445.92	0.00461238	0.02646381	0
446.36	0.00811197	0.03354085	7.7265E-4
446.8	0.00952421	0.04208486	0.00173859
447.24	0.0035718	0.06419633	-0.00154556
447.68	0.00883316	0.12982366	0.00115923
448.12	0.00569947	0.3433527	-6.4396E-4
448.56	0.00572649	0.79978046	-0.0018032
449	0.00588641	1.28705749	-5.1527E-4
449.44	0.00391157	1.28660086	-5.1527E-4
449.88	0.00697926	1.28649626	7.0831E-4
450.32	0.00720739	1.28681516	0.00148122
450.76	0.00759235	1.28671319	7.7265E-4
451.2	0.00644944	1.2868306	-5.1527E-4
451.64	0.00465136	1.28663154	5.1527E-4
452.08	0.00436785	1.28676682	0.00154556
452.52	0.00460042	1.28679221	6.434E-5
452.96	0.0085997	0.59289988	-7.7265E-4
453.4	0.00758792	0.22856346	-2.5764E-4
453.84	0.00806635	0.11000079	0.00154556
454.28	0.00871178	0.06233388	-5.1527E-4
454.72	0.00874101	0.0458786	-0.00109463
455.16	0.00572427	0.03642887	-5.1527E-4
455.6	0.00705368	0.02993337	-0.00193189
456.04	0.00435988	0.02544575	0.00231821
456.47	0.00662664	0.02128232	7.7265E-4
456.91	0.00815539	0.01897077	0.0018032
457.35	0.00907148	0.01746562	-0.00115923
457.79	0.00838707	0.01609311	7.0831E-4
458.23	0.00672542	0.01439641	-5.1527E-4
458.67	0.00426862	0.01215657	-0.00115923
459.11	0.00637502	0.01280453	1.2869E-4
459.55	0.00656551	0.01121509	4.5067E-4
459.98	0.00537343	0.00995734	0.00135227
460.42	0.00619827	0.00886799	7.7265E-4
460.86	0.00814785	0.00934513	6.434E-5
461.3	0.00496632	0.00693425	0.00225387
461.74	0.00435766	0.00770713	0.00154556
462.18	0.00608442	0.00640105	0.00122358
462.61	0.00749578	0.00758221	0.00103029
463.05	0.00511871	0.00487274	7.7265E-4
463.49	0.00645963	0.00497735	-4.5067E-4
463.93	0.00808894	0.00360748	0.00128792
464.37	0.00336271	0.00586521	9.6594E-4
464.8	0.00336404	0.00352075	0.00360614
465.24	0.0053659	0.00491865	-3.8633E-4
465.68	0.00804863	0.00349251	-9.6594E-4
466.12	0.00579648	0.00257927	0.00128792
466.56	0.00359661	0.00348236	-1.2869E-4
466.99	0.00691679	0.00352583	-0.00141661
467.43	0.00880879	0.0028216	0.00276914
467.87	0.00476166	0.00339562	-0.00103029
468.31	0.00361211	0.00329366	-0.00103029
468.74	0.00451138	0.00353334	0.00173859
469.18	0.00799635	0.00391095	-9.6594E-4
469.62	0.00928589	0.00382686	-0.00109463
470.06	0.00462345	0.00334464	-1.2869E-4
470.49	0.00561264	0.00216591	0
470.93	0.00622263	0.00274258	-7.7265E-4
471.37	0.00508327	0.00406411	-5.1527E-4
471.8	0.00219456	0.00296967	1.2869E-4
472.24	0.00301231	0.00397473	0.00122358
472.68	0.00553955	0.00272206	2.5764E-4
473.12	0.00570523	8.9801E-4	7.7265E-4
473.55	0.00260963	0.00357173	0.00283348
473.99	0.00740674	0.00257419	8.3725E-4
474.43	0.00609373	0.00135463	0.00264019
474.86	0.00487285	0.00143385	0.00167425
475.3	0.00462788	0.00200524	7.7265E-4
475.74	0.01014174	0.0034978	0
476.17	0.00672764	0.00227824	0.00592435
476.61	0.00806635	0.00341614	1.9329E-4
477.05	0.00566757	0.00345189	-8.3725E-4
477.48	0.00796402	0.00282667	0.00167425
477.92	0.00530565	0.00240072	-0.00141661
478.35	0.00740009	0.00437021	0.00270454
478.79	0.00949764	0.00480652	-1.9329E-4
479.23	0.00402276	0.0038752	0.00160991
479.66	0.00273411	0.00379111	0.00212518
480.1	0.00563302	0.00258191	-3.2198E-4
480.54	0.00371533	0.0029977	0.00186754
480.97	0.00489943	0.00336251	0.00218952
481.41	0.00869539	0.00323231	0.00141661
481.84	0.00681579	0.00378339	0.00186754
482.28	0.00690572	0.0041482	0.00412141
482.71	0.0064995	0.00565355	9.016E-4
483.15	0.01039114	0.00618411	-6.434E-5
483.59	0.00796534	0.00378603	0.00225387
484.02	0.0055648	0.0064368	0.00508735
484.46	0.00748249	0.00408198	0.00399246
484.89	0.00792193	0.00342122	0.00586
485.33	0.0096766	0.0061638	-0.00148122
485.76	0.00694913	0.00614084	6.4396E-4
486.2	0.00930494	0.00513051	0.00547368
486.63	0.00640825	0.00838841	0.0025115
487.07	0.00499512	0.00514066	0.00399246
487.5	0.00644634	0.00596981	0.00302652
487.94	0.00742313	0.00606163	0.00534473
488.37	0.00318685	0.00707197	0.00830716
488.81	0.00696242	0.00911803	0.00650397
489.24	0.00508416	0.01280453	0.00907981
489.68	0.00830467	0.01511852	0.00824256
490.11	0.00960307	0.01866466	0.00824256
490.55	0.0050186	0.01980764	0.00830716
490.98	0.00888011	0.01607523	0.01049643
491.42	0.00494285	0.01474599	0.00837151
491.85	0.00570301	0.01677175	0.00862914
492.29	0.00541153	0.01400865	0.00592435
492.72	0.0068025	0.01352907	0.00721227
493.16	0.01090722	0.01482765	0.00405681
493.59	0.00900681	0.01405984	0.00663266
494.03	0.00617346	0.01162337	0.00804953
494.46	0.00473464	0.01184538	0.01056077
494.89	0.004254	0.0127178	0.00746991
495.33	0.00548728	0.01448843	0.00901547
495.76	0.00681579	0.01548069	0.00914416
496.2	0.00682465	0.01428673	0.00695464
496.63	0.00695932	0.01456237	0.00746991
497.06	0.00670017	0.01526396	0.00965943
497.5	0.01019977	0.01521033	0.00914416
497.93	0.00777265	0.01763137	0.01023879
498.37	0.00609594	0.01803701	0.00940179
498.8	0.00689686	0.01557006	0.01056077
499.23	0.00672232	0.01779224	0.0110117
499.67	0.00798616	0.01950153	0.01088275
500.1	0.00494639	0.0193305	0.01365189
500.53	0.00961547	0.0199939	0.01139803
500.97	0.00611809	0.02108326	0.01326557
501.4	0.00609018	0.02215981	0.01294359
501.83	0.00736111	0.02177205	0.01745132
502.27	0.00948213	0.02519327	0.01455349
502.7	0.01222156	0.02627247	0.01487547
503.13	0.00785726	0.02959415	0.0161634
503.57	0.00957782	0.03151002	0.01564812
504	0.00301895	0.03128049	0.0177087
504.43	0.00893017	0.03369644	0.01654972
504.87	0.00774164	0.03387763	0.01539049
505.3	0.00810311	0.03081615	0.01738672
505.73	0.00685035	0.02937722	0.01854595
506.17	0.00710728	0.02834656	0.01751567
506.6	0.00609373	0.02930572	0.01493982
507.03	0.01107555	0.02902764	0.01661407
507.46	0.00825772	0.0311121	0.01809528
507.9	0.00860945	0.03066299	0.01416717
508.33	0.01125674	0.02817817	0.01532614
508.76	0.01067377	0.02754544	0.01300793
509.19	0.01161866	0.02767565	0.01461784
509.63	0.00724062	0.02940525	0.01210633
510.06	0.00920925	0.03166317	0.01545483
510.49	0.01010276	0.02930328	0.01758001
510.92	0.01117434	0.02794864	0.0152618
511.36	0.01111232	0.02868842	0.0177733
511.79	0.01107555	0.02981089	0.01622774
512.22	0.01143482	0.02868578	0.01828832
512.65	0.01011294	0.02926753	0.01429585
513.08	0.01341762	0.03206373	0.01629209
513.52	0.01511382	0.03003554	0.01867464
513.95	0.01105872	0.03028802	0.01545483
514.38	0.012797	0.03077796	0.0177733
514.81	0.01963716	0.02991549	0.01654972
515.24	0.01291129	0.03312749	0.0186103
515.67	0.01840078	0.03099225	0.01976953
516.11	0.0174993	0.03217586	0.02047784
516.54	0.01757195	0.03239279	0.01944755
516.97	0.02048858	0.03288517	0.01938321
517.4	0.01848894	0.03402815	0.02009151
517.83	0.01883358	0.03456642	0.01880359
518.26	0.02383446	0.0358394	0.02298934
518.69	0.01924201	0.03290304	0.0195119
519.13	0.0211885	0.03321931	0.01996257
519.56	0.02331262	0.0348701	0.02228078
519.99	0.02734734	0.03592614	0.01803068
520.42	0.02573974	0.03536247	0.02054218
520.85	0.02689815	0.0364569	0.02060653
521.28	0.03404397	0.03421949	0.02157247
521.71	0.02859169	0.03417358	0.02208774
522.14	0.02988256	0.03387255	0.01893228
522.57	0.03558114	0.03429607	0.01925426
523	0.03515454	0.03302045	0.01970519
523.43	0.04087217	0.03110946	0.01841726
523.87	0.04087217	0.03331884	0.01654972
524.3	0.04087217	0.03590826	0.01938321
524.73	0.04087217	0.03196928	0.01899662
525.16	0.04087217	0.03409965	0.0177087
525.59	0.04087217	0.03303832	0.01745132
526.02	0.04087217	0.02879303	0.02002717
526.45	0.04087217	0.03266579	0.02034915
526.88	0.04087217	0.0304361	0.01609879
527.31	0.04087217	0.03206881	0.02047784
527.74	0.04087217	0.03103816	0.01970519
528.17	0.04087217	0.02982632	0.01873924
528.6	0.04087217	0.03166053	0.01712934
529.03	0.04087217	0.03144116	0.01590576
529.46	0.04087217	0.03076516	0.01835266
529.89	0.04087217	0.03128821	0.01796634
530.32	0.04087217	0.0323085	0.02125049
530.75	0.04087217	0.02930064	0.0186103
531.18	0.04087217	0.03255854	0.01622774
531.61	0.04087217	0.02900997	0.01996257
532.04	0.04087217	0.03096666	0.01712934
532.47	0.04087217	0.03024212	0.01964059
532.9	0.04087217	0.02966809	0.01519745
533.32	0.04087217	0.03067335	0.02009151
533.75	0.04087217	0.03120127	0.01590576
534.18	0.04087217	0.02891287	0.01938321
534.61	0.04087217	0.03001259	0.02099286
535.04	0.04087217	0.02794864	0.0177733
535.47	0.04087217	0.0301631	0.01764436
535.9	0.04087217	0.02584895	0.01603445
536.33	0.04087217	0.0298186	0.01706474
536.76	0.04087217	0.02846133	0.01654972
537.19	0.04087217	0.02803782	0.01815963
537.62	0.04087217	0.02696898	0.01886793
538.04	0.04087217	0.02866039	0.01957624
538.47	0.04087217	0.02827771	0.01745132
538.9	0.04087217	0.02892059	0.01983388
539.33	0.03868426	0.02915012	0.0195119
539.76	0.03424775	0.02522638	0.0186103
540.19	0.03607595	0.0269511	0.02060653
540.62	0.03082257	0.02796652	0.01848161
541.04	0.02734291	0.02583108	0.01571247
541.47	0.02475587	0.02459121	0.0152618
541.9	0.02373656	0.02674188	0.01680736
542.33	0.02319035	0.02412423	0.01712934
542.76	0.02250018	0.02609128	0.01532614
543.19	0.02144189	0.02459872	0.01609879
543.61	0.02478688	0.02572139	0.01758001
544.04	0.02113933	0.02390241	0.01841726
544.47	0.02107908	0.02553005	0.01758001
544.9	0.02134753	0.02467022	0.01423151
545.33	0.02259144	0.02444577	0.01693605
545.75	0.0178599	0.02508602	0.0161634
546.18	0.01888054	0.02273384	0.01654972
546.61	0.02032689	0.02337429	0.01513285
547.04	0.0174683	0.02394832	0.0159701
547.46	0.01105651	0.02216997	0.01410256
547.89	0.01648797	0.02285897	0.01294359
548.32	0.01549966	0.0222695	0.01461784
548.75	0.01816733	0.02348134	0.01062537
549.17	0.0143448	0.02337429	0.01081841
549.6	0.01352793	0.02203733	0.01571247
550.03	0.01555548	0.02151185	0.01455349
550.46	0.01736464	0.02350937	0.00959483
550.88	0.01118896	0.02116735	0.01474653
551.31	0.01427037	0.02228738	0.01468218
551.74	0.01622882	0.02393796	0.0135232
552.16	0.01548637	0.02336921	0.01642078
552.59	0.01382739	0.02111393	0.0161634
553.02	0.01376847	0.02338445	0.01255726
553.44	0.0134256	0.02278239	0.01519745
553.87	0.01282801	0.02319311	0.01487547
554.3	0.01288471	0.02012918	0.01455349
554.72	0.01494992	0.02383091	0.01539049
555.15	0.01482544	0.02233836	0.01622774
555.58	0.01549966	0.02074384	0.01223528
556	0.01715998	0.02256809	0.01493982
556.43	0.01737261	0.02446608	0.01358755
556.86	0.01294496	0.02393796	0.01635643
557.28	0.01753076	0.02374154	0.01300793
557.71	0.0180681	0.02351709	0.01332991
558.14	0.0143727	0.02367024	0.0168717
558.56	0.01457293	0.02444577	0.01461784
558.99	0.01750816	0.02214194	0.01397387
559.41	0.01410204	0.02354776	0.01732237
559.84	0.01857665	0.02184599	0.01487547
560.27	0.01988302	0.02510146	0.01332991
560.69	0.01851109	0.02308342	0.01712934
561.12	0.01689286	0.02448152	0.01642078
561.54	0.01876802	0.02276959	0.01300793
561.97	0.01872815	0.02398143	0.01397387
562.39	0.01972841	0.02394324	0.01448915
562.82	0.02057275	0.02389977	0.0134586
563.25	0.01901521	0.02438707	0.01532614
563.67	0.02056832	0.02470089	0.01384518
564.1	0.01990517	0.02388698	0.0119133
564.52	0.02360322	0.02173894	0.01758001
564.95	0.02312346	0.0239278	0.01803068
565.37	0.02422296	0.02410635	0.01307228
565.8	0.02245012	0.02563466	0.01371624
566.22	0.0193532	0.02624687	0.01545483
566.65	0.02259055	0.02582844	0.01558378
567.07	0.02423935	0.02554284	0.01854595
567.5	0.02695929	0.02437183	0.01725803
567.92	0.02770572	0.02691535	0.01577681
568.35	0.02597098	0.02567792	0.01854595
568.77	0.02446881	0.02753265	0.01384518
569.2	0.02932838	0.02817817	0.01815963
569.62	0.02796176	0.03004813	0.01931861
570.05	0.03365016	0.02834392	0.02105746
570.47	0.03418794	0.03190814	0.01893228
570.9	0.03618759	0.03316588	0.01912557
571.32	0.03649768	0.0347271	0.0228604
571.74	0.03762508	0.03836261	0.02382634
572.17	0.04718827	0.03801567	0.0228604
572.59	0.04839896	0.04294976	0.02736813
573.02	0.05322264	0.04455688	0.02653113
573.44	0.05487764	0.05249131	0.02730379
573.87	0.06449089	0.05501959	0.02968634
574.29	0.06263788	0.05864474	0.02723944
574.71	0.06438059	0.05625438	0.02936436
575.14	0.06040788	0.057257	0.02949331
575.56	0.06301619	0.05620076	0.03065229
575.99	0.05904038	0.05313927	0.02865605
576.41	0.06318098	0.05035079	0.02659548
576.83	0.05761397	0.0476082	0.02421267
577.26	0.05435137	0.04490645	0.02311803
577.68	0.04953167	0.04404155	0.02524321
578.1	0.05326605	0.04292924	0.02672417
578.53	0.04881049	0.04001584	0.02170142
578.95	0.04539329	0.04163839	0.01931861
579.37	0.04892744	0.04108996	0.02060653
579.8	0.04463446	0.03731408	0.02266736
580.22	0.04632489	0.03805894	0.02311803
580.64	0.0466465	0.03668643	0.02331132
581.07	0.04803748	0.03924275	0.02550059
581.49	0.04829884	0.03653592	0.02331132
581.91	0.05358102	0.03893928	0.02086417
582.34	0.05075698	0.04075318	0.01918992
582.76	0.05128103	0.03949787	0.02389068
583.18	0.05288464	0.04230179	0.02150813
583.61	0.05198981	0.04077857	0.02221643
584.03	0.05549826	0.0398832	0.02318238
584.45	0.05514565	0.04119964	0.02144378
584.87	0.05380694	0.04134508	0.02118615
585.3	0.05416886	0.04109239	0.02723944
585.72	0.06085973	0.04047002	0.02504992
586.14	0.05761175	0.0432839	0.02369765
586.56	0.05771275	0.04123011	0.02253842
586.99	0.05991838	0.04182201	0.02260276
587.41	0.06064931	0.04276349	0.02298934
587.83	0.06183563	0.04451097	0.0244703
588.25	0.063783	0.04298287	0.02318238
588.68	0.06330236	0.04368446	0.02260276
589.1	0.0636027	0.04147	0.02092851
589.52	0.06173109	0.04300582	0.02079982
589.94	0.06209478	0.0430696	0.02176576
590.36	0.06525283	0.04005402	0.02240973
590.79	0.06337014	0.04229143	0.02298934
591.21	0.05978505	0.03831163	0.02125049
591.63	0.06356151	0.03943673	0.02253842
592.05	0.0610356	0.04129653	0.02324672
592.47	0.06691093	0.03925818	0.02382634
592.89	0.0683843	0.04222765	0.02273171
593.32	0.06874268	0.04159248	0.02350436
593.74	0.07211204	0.04015619	0.02376199
594.16	0.07387379	0.04147772	0.02215209
594.58	0.07384677	0.04324815	0.02273171
595	0.06944924	0.04178383	0.02240973
595.42	0.07864299	0.0418604	0.02401963
595.84	0.08055271	0.04083991	0.02350436
596.27	0.07935841	0.04244703	0.02279605
596.69	0.08202475	0.04327374	0.02401963
597.11	0.08096203	0.04212568	0.02665982
597.53	0.08292933	0.04262314	0.02376199
597.95	0.08632438	0.0429396	0.02344001
598.37	0.0896583	0.0436871	0.02389068
598.79	0.08981423	0.0452152	0.02324672
599.21	0.09560185	0.04818995	0.02260276
599.63	0.09614894	0.04550607	0.02492123
600.05	0.09735519	0.04709552	0.02794775
600.47	0.10369699	0.04776136	0.02601586
600.89	0.10049907	0.04648818	0.02485663
601.31	0.10925204	0.04807519	0.02408398
601.74	0.10703977	0.04972577	0.0244703
602.16	0.11136642	0.05091709	0.02826973
602.58	0.11519205	0.05028964	0.02820538
603	0.11831245	0.0492334	0.02801209
603.42	0.124594	0.04931506	0.02736813
603.84	0.12288895	0.04901646	0.02575823
604.26	0.12751373	0.0537133	0.02711049
604.68	0.13101332	0.04985577	0.02711049
605.1	0.13532668	0.05114683	0.02949331
605.52	0.14419661	0.0497794	0.02923567
605.94	0.14027706	0.05260607	0.02704615
606.36	0.1448695	0.05137128	0.02685286
606.78	0.15050607	0.05368019	0.02775446
607.2	0.15398086	0.05249131	0.02826973
607.62	0.15246673	0.05241209	0.03007267
608.03	0.16340274	0.05646868	0.02769011
608.45	0.17009273	0.05725944	0.02942871
608.87	0.17325742	0.05271576	0.03013727
609.29	0.17502228	0.05503747	0.02801209
609.71	0.18392676	0.05337652	0.02814078
610.13	0.18461472	0.05322093	0.02723944
610.55	0.19751848	0.05172837	0.02936436
610.97	0.19714327	0.05197842	0.02575823
611.39	0.19856968	0.05602465	0.02955765
611.81	0.21249497	0.05537668	0.02653113
612.23	0.22043374	0.05612418	0.02930002
612.65	0.22803716	0.05469804	0.02794775
613.07	0.23669002	0.05393531	0.02665982
613.48	0.23811688	0.05659624	0.02588717
613.9	0.24052274	0.05625438	0.03000832
614.32	0.25304996	0.05508337	0.02279605
614.74	0.26350888	0.05485628	0.02749682
615.16	0.27461101	0.05408583	0.02530755
615.58	0.2739957	0.05928519	0.02968634
616	0.28754268	0.05730799	0.02762577
616.41	0.29007657	0.05776197	0.02440596
616.83	0.30340294	0.05786658	0.02601586
617.25	0.3166128	0.05732322	0.02569388
617.67	0.3195117	0.05755295	0.02640219
618.09	0.33000385	0.0585121	0.02749682
618.51	0.33899515	0.05430764	0.0269818
618.92	0.35326552	0.05738192	0.02730379
619.34	0.3541134	0.06023927	0.02672417
619.76	0.37235382	0.05665494	0.0278834
620.18	0.37298685	0.05850967	0.02775446
620.6	0.38256599	0.05990005	0.02897804
621.01	0.38301961	0.06059128	0.02756142
621.43	0.38495059	0.06011435	0.02453465
621.85	0.39982254	0.06099448	0.02865605
622.27	0.41010692	0.05779772	0.02459925
622.68	0.4224029	0.06244601	0.02608021
623.1	0.42431572	0.06144339	0.02266736
623.52	0.44845185	0.06078019	0.02678851
623.94	0.43660417	0.05952996	0.02556519
624.35	0.45971567	0.06266294	0.02530755
624.77	0.45469132	0.0627574	0.02608021
625.19	0.45967093	0.06174198	0.02614455
625.61	0.46826177	0.06217057	0.02472794
626.02	0.48679501	0.05978	0.02749682
626.44	0.49832418	0.06135157	0.02884935
626.86	0.50361876	0.06074444	0.02633784
627.27	0.52319567	0.06341552	0.02711049
627.69	0.53342556	0.06077003	0.02588717
628.11	0.54207532	0.0624001	0.02588717
628.52	0.56346139	0.06405841	0.02292474
628.94	0.57332936	0.06485709	0.02691746
629.36	0.58238889	0.06569376	0.02930002
629.77	0.59884008	0.06454834	0.02414832
630.19	0.61593893	0.07042634	0.02569388
630.61	0.62971271	0.06594644	0.02678851
631.02	0.63955721	0.06597183	0.02685286
631.44	0.66871637	0.06423187	0.02485663
631.86	0.67811832	0.06640307	0.02459925
632.27	0.71319533	0.06758179	0.02646653
632.69	0.73010281	0.06945175	0.0287204
633.11	0.76656948	0.07233469	0.02575823
633.52	0.81111578	0.07198004	0.02543624
633.94	0.84732197	0.07486034	0.02659548
634.35	0.9077303	0.07540126	0.02543624
634.77	0.98162358	0.07772784	0.02543624
635.19	1.07255945	0.0804627	0.0287204
635.6	1.16899678	0.08486115	0.02897804
636.02	1.28601615	0.08415692	0.02466359
636.43	1.34796873	0.08902986	0.02691746
636.85	1.4413016	0.09382867	0.02717484
637.26	1.45408841	0.09456073	0.02595152
637.68	1.47256495	0.09548697	0.02762577
638.09	1.46884696	0.09382359	0.02859171
638.51	1.4073954	0.09259123	0.02762577
638.93	1.38251018	0.09159877	0.02672417
639.34	1.35307504	0.09247891	0.02530755
639.76	1.30184849	0.08792771	0.02762577
640.17	1.27447546	0.08932825	0.02498557
640.59	1.24334678	0.08892525	0.02401963
641	1.24657527	0.08609594	0.02434161
641.42	1.22007447	0.08506508	0.02434161
641.83	1.22059055	0.08505249	0.02498557
642.25	1.2368526	0.08340698	0.02408398
642.66	1.22760569	0.08630759	0.02382634
643.08	1.23753923	0.08328186	0.02247407
643.49	1.26104012	0.08570046	0.02157247
643.91	1.27439882	0.08965223	0.02472794
644.32	1.27241469	0.08671079	0.02440596
644.73	1.30692867	0.08812413	0.02646653
645.15	1.30320846	0.08634842	0.02601586
645.56	1.32489001	0.09122116	0.02550059
645.98	1.34281192	0.08668256	0.02498557
646.39	1.3720991	0.08953239	0.02743248
646.81	1.37463387	0.08738171	0.02620915
647.22	1.41412747	0.09221119	0.02485663
647.63	1.42913541	0.0918285	0.02472794
648.05	1.4494468	0.08915986	0.02331132
648.46	1.49746213	0.09318822	0.02492123
648.88	1.51648708	0.09316019	0.02614455
649.29	1.55515583	0.09533382	0.02530755
649.7	1.55741241	0.09453026	0.02498557
650.12	1.58667611	0.09594603	0.02620915
650.53	1.63190816	0.09612722	0.02485663
650.95	1.64096856	0.09465518	0.02183011
651.36	1.7147263	0.10069141	0.02524321
651.77	1.70439895	0.09960206	0.02266736
652.19	1.73177198	0.10068126	0.02517861
652.6	1.7847656	0.10031117	0.02672417
653.01	1.82527585	0.10555644	0.02459925
653.43	1.86690464	0.10476303	0.02730379
653.84	1.90133977	0.10311001	0.0253719
654.25	1.9472549	0.10972007	0.02395529
654.67	1.99541021	0.11126869	0.02414832
655.08	2.02364575	0.10975074	0.02582257
655.49	2.04030382	0.11025327	0.0253719
655.91	2.11263868	0.10950578	0.02646653
656.32	2.1266849	0.11582781	0.02897804
656.73	2.18449157	0.11416179	0.0253719
657.14	2.19267796	0.11748083	0.02711049
657.56	2.22826884	0.11506244	0.02389068
657.97	2.25732567	0.11711094	0.02331132
658.38	2.27053775	0.11917245	0.02414832
658.79	2.29277878	0.11619262	0.02157247
659.21	2.30611091	0.12155001	0.02414832
659.62	2.32404656	0.12050149	0.02479228
660.03	2.31945943	0.12152198	0.02389068
660.44	2.32425211	0.12064693	0.02659548
660.86	2.32807685	0.11900914	0.02434161
661.27	2.34106168	0.12102453	0.02601586
661.68	2.32542513	0.12198125	0.02479228
662.09	2.32266311	0.11908043	0.02408398
662.5	2.31682676	0.12073874	0.02711049
662.92	2.30112997	0.11803191	0.02620915
663.33	2.29653531	0.11754989	0.02408398
663.74	2.27665141	0.11731	0.02221643
664.15	2.27629835	0.11517964	0.01989822
664.56	2.27093024	0.11503177	0.02279605
664.98	2.28114684	0.11623588	0.0244703
665.39	2.26841762	0.11433525	0.02466359
665.8	2.29250059	0.11934592	0.02344001
666.21	2.27167268	0.11220245	0.02228078
666.62	2.2783795	0.11364646	0.02350436
667.03	2.2644139	0.11277912	0.02472794
667.45	2.27687246	0.11555725	0.0262735
667.86	2.26502478	0.11502669	0.02150813
668.27	2.26631254	0.11504964	0.02118615
668.68	2.28471864	0.11957809	0.02189445
669.09	2.2854921	0.11424588	0.0211218
669.5	2.32980716	0.11398832	0.02305369
669.91	2.31945722	0.11271534	0.02389068
670.32	2.30888047	0.11315917	0.02414832
670.73	2.33040696	0.11897075	0.02266736
671.14	2.33259133	0.11578942	0.02498557
671.56	2.34426226	0.11679468	0.02221643
671.97	2.35541002	0.11936115	0.02253842
672.38	2.3755101	0.11655987	0.02137944
672.79	2.37320878	0.11869775	0.02318238
673.2	2.37324555	0.11974384	0.02215209
673.61	2.39135795	0.11498586	0.02266736
674.02	2.4037855	0.12065972	0.02015586
674.43	2.4131529	0.11812392	0.02266736
674.84	2.42275375	0.11610832	0.02408398
675.25	2.42646598	0.12108831	0.02047784
675.66	2.42995804	0.11995305	0.02344001
676.07	2.45149694	0.11707519	0.02009151
676.48	2.46522731	0.11954234	0.02047784
676.89	2.46231202	0.11598584	0.02221643
677.3	2.46119126	0.11923867	0.02015586
677.71	2.49003103	0.11767217	0.02344001
678.12	2.48069242	0.12044807	0.0235687
678.53	2.49816869	0.11754989	0.02183011
678.94	2.51559269	0.12110111	0.01809528
679.35	2.51401699	0.11776927	0.02002717
679.76	2.5143984	0.12063941	0.02099286
680.17	2.51149196	0.12510915	0.02311803
680.58	2.52668242	0.1178432	0.02292474
680.99	2.51049923	0.12320588	0.02150813
681.4	2.505167	0.11985109	0.0211218
681.81	2.51263797	0.12051429	0.01886793
682.22	2.51905109	0.11613635	0.02073548
682.62	2.51824308	0.12037901	0.02009151
683.03	2.50480286	0.11836869	0.02067113
683.44	2.51656416	0.11905748	0.02034915
683.85	2.52272743	0.11915701	0.02125049
684.26	2.51266145	0.11947856	0.01925426
684.67	2.49479048	0.11725638	0.01983388
685.08	2.48627096	0.11808817	0.02073548
685.49	2.49419289	0.11637624	0.01983388
685.9	2.47306552	0.11881779	0.02157247
686.3	2.49124747	0.11632018	0.0195119
686.71	2.47447776	0.11429707	0.01893228
687.12	2.46492121	0.11616459	0.02092851
687.53	2.46271558	0.1127586	0.01996257
687.94	2.45480074	0.11657023	0.01835266
688.35	2.4513667	0.11323818	0.01796634
688.76	2.41820383	0.11130688	0.02015586
689.16	2.43407649	0.11432753	0.01828832
689.57	2.4265373	0.11162334	0.01912557
689.98	2.41776217	0.10864616	0.01725803
690.39	2.40750659	0.10926609	0.01809528
690.8	2.42703256	0.11263368	0.01925426
691.2	2.43173043	0.10807213	0.01622774
691.61	2.3934267	0.10783224	0.02034915
692.02	2.38796068	0.10870466	0.01957624
692.43	2.36342188	0.11030182	0.01841726
692.84	2.36678149	0.10989354	0.01764436
693.24	2.34593896	0.10619425	0.01790199
693.65	2.33181256	0.10431413	0.01700039
694.06	2.33341617	0.1048065	0.01648538
694.47	2.3207627	0.10622756	0.01577681
694.87	2.33166549	0.10587534	0.0143602
695.28	2.33779155	0.10518919	0.01667841
695.69	2.30852652	0.10411263	0.01661407
696.09	2.31888001	0.10587534	0.01738672
696.5	2.31531573	0.10384471	0.02144378
696.91	2.3128576	0.10559219	0.01629209
697.32	2.27890001	0.10142347	0.01841726
697.72	2.26721136	0.10389305	0.01745132
698.13	2.25369008	0.10159186	0.01513285
698.54	2.25920394	0.10163269	0.0168717
698.94	2.25344644	0.10353596	0.01654972
699.35	2.22317228	0.10300276	0.0177087
699.76	2.24917782	0.09908409	0.01674276
700.16	2.23678172	0.09938776	0.01622774
700.57	2.22399579	0.09942087	0.01783765
700.98	2.21611196	0.0999821	0.01822397
701.38	2.18997308	0.09733398	0.01532614
701.79	2.19818163	0.09716559	0.01764436
702.2	2.1981484	0.09726756	0.01661407
702.6	2.19908665	0.09903047	0.01506851
703.01	2.19650935	0.0969716	0.01481087
703.42	2.17332254	0.095515	0.01822397
703.82	2.191248	0.09761469	0.01590576
704.23	2.19369196	0.098038	0.01500416
704.63	2.15398351	0.09673436	0.01255726
705.04	2.14899371	0.09451746	0.01629209
705.45	2.13726298	0.09280045	0.01648538
705.85	2.12437472	0.09470108	0.01513285
706.26	2.14216374	0.09211166	0.01442454
706.66	2.11830271	0.09507605	0.01571247
707.07	2.12876251	0.09335925	0.0135232
707.47	2.09852512	0.09135401	0.01622774
707.88	2.09384718	0.09400721	0.01275029
708.29	2.09942748	0.08872863	0.01416717
708.69	2.06134303	0.08878997	0.01429585
709.1	2.07928975	0.08942514	0.01410256
709.5	2.07332538	0.09092541	0.01287924
709.91	2.05398192	0.09253253	0.01088275
710.31	2.02762687	0.0885706	0.0168717
710.72	2.00897801	0.0860933	0.01474653
711.12	2.01463229	0.08676178	0.01474653
711.53	2.01463318	0.0873612	0.0159701
711.93	1.98034069	0.08849138	0.01365189
712.34	1.97025566	0.08699903	0.01139803
712.74	1.98959601	0.08932053	0.01229962
713.15	1.9798636	0.08766487	0.00998141
713.55	1.96523617	0.08248582	0.01056077
713.96	1.94709897	0.08273078	0.01378058
714.36	1.93752691	0.08086082	0.01358755
714.76	1.91650896	0.08416199	0.0126216
715.17	1.91354228	0.08356501	0.01423151
715.57	1.90753671	0.08152159	0.01236397
715.98	1.89064917	0.08320528	0.01294359
716.38	1.86664549	0.08183033	0.01236397
716.79	1.85324869	0.0778554	0.01043208
717.19	1.85774545	0.07876377	0.00965943
717.6	1.85845998	0.07816151	0.01120473
718	1.81858276	0.07727122	0.01242831
718.4	1.81541009	0.07852896	0.01210633
718.81	1.81540566	0.08066684	0.01371624
719.21	1.78535433	0.07682983	0.01075406
719.61	1.79817658	0.07587311	0.01255726
720.02	1.79116853	0.07887854	0.01146237
720.42	1.75157703	0.07535779	0.01300793
720.83	1.76933681	0.07367409	0.01126934
721.23	1.72985119	0.07561555	0.01236397
721.63	1.72506516	0.07358736	0.00856454
722.04	1.72373089	0.07504152	0.00933745
722.44	1.69712245	0.0687067	0.01139803
722.84	1.70631265	0.07265604	0.01294359
723.25	1.70100478	0.07132435	0.0135232
723.65	1.66503426	0.07317644	0.01081841
724.05	1.67186777	0.07218154	0.01049643
724.46	1.64314629	0.07168652	0.01229962
724.86	1.64141465	0.06765065	0.01242831
725.26	1.63374434	0.06927057	0.01320122
725.66	1.63412265	0.06783936	0.01223528
726.07	1.60337804	0.06526781	0.01049643
726.47	1.59945761	0.06805629	0.01094735
726.87	1.58830675	0.06557899	0.0101101
727.28	1.56669874	0.06773475	0.00785623
727.68	1.5590519	0.06402022	0.0067616
728.08	1.57506011	0.06665047	0.01056077
728.48	1.56098554	0.06571163	0.00933745
728.89	1.55498794	0.06670653	0.00830716
729.29	1.51887301	0.06613515	0.00933745
729.69	1.50988481	0.06620908	0.01107604
730.09	1.50657127	0.06277771	0.00991681
730.5	1.4887313	0.06334158	0.00354179
730.9	1.47977456	0.05974446	0.00978812
731.3	1.4801573	0.06000466	0.01242831
731.7	1.48202227	0.06021631	0.00991681
732.1	1.45147346	0.06163473	0.01036774
732.51	1.45033056	0.06207104	0.01165566
732.91	1.44529867	0.0598771	0.01004576
733.31	1.4256748	0.05924437	0.00843585
733.71	1.39899814	0.05995875	0.00959483
734.11	1.40135084	0.05990005	0.00837151
734.51	1.37703973	0.05699416	0.00895087
734.92	1.38491294	0.05922893	0.00631067
735.32	1.38340146	0.05712172	0.01294359
735.72	1.36167695	0.05571346	0.00933745
736.12	1.36502106	0.057114	0.00792058
736.52	1.34215674	0.05527979	0.00701924
736.92	1.33471767	0.05387153	0.00895087
737.32	1.3184069	0.05388413	0.00907981
737.73	1.29132623	0.05476183	0.00746991
738.13	1.31610204	0.05410106	0.01049643
738.53	1.30371613	0.05454753	0.00959483
738.93	1.29201197	0.05092745	0.00727662
739.33	1.24940463	0.05215453	0.00721227
739.73	1.24041598	0.05138144	0.00540933
740.13	1.25358908	0.05631288	0.0067616
740.53	1.24083638	0.05050638	0.0076632
740.93	1.20436218	0.05060855	0.00663266
741.33	1.20477726	0.05227437	0.00824256
741.73	1.19267885	0.05143506	0.00631067
742.13	1.17660374	0.05043488	0.00862914
742.53	1.15215398	0.05111108	0.00746991
742.93	1.15833453	0.04837358	0.00811387
743.33	1.15056277	0.04911599	0.00669726
743.73	1.136987	0.04889662	0.00328416
744.14	1.13182355	0.04538359	0.00714793
744.54	1.12167959	0.04794762	0.00837151
744.94	1.10087073	0.04699599	0.00650397
745.34	1.09349633	0.04765167	0.00875783
745.74	1.08289389	0.04579431	0.00631067
746.14	1.07082826	0.0436871	0.00940179
746.53	1.07312603	0.04426621	0.00701924
746.93	1.06777121	0.04490137	0.00824256
747.33	1.05135235	0.0438043	0.00502275
747.73	1.04968539	0.04151591	0.00624633
748.13	1.05388712	0.04415896	0.00315547
748.53	1.04625933	0.04215879	0.00817822
748.93	1.03516473	0.04559281	0.00579566
749.33	1.03399746	0.04415652	0.00804953
749.73	1.02135196	0.04224553	0.00624633
750.13	1.02144454	0.04311815	0.00392812
750.53	1.00708956	0.04281448	0.00701924
750.93	1.02074994	0.04275334	0.00598869
751.33	1.0217192	0.04102861	0.00618198
751.73	1.00583325	0.04096239	0.0051517
752.13	0.99444052	0.04282727	0.00476537
752.52	1.00918267	0.0402021	0.00689029
752.92	1.02381364	0.0433298	0.00740556
753.32	1.00597368	0.0425236	0.00502275
753.72	0.98909278	0.04134244	0.00643962
754.12	1.00000133	0.04211289	0.00354179
754.52	0.98869542	0.04246754	0.00592435
754.92	0.97630464	0.04211797	0.00482972
755.32	0.9788465	0.04075054	0.00598869
755.71	0.98167497	0.03938574	0.00553802
756.11	0.97092545	0.04038065	0.00721227
756.51	0.96456151	0.04099794	0.00592435
756.91	0.95935154	0.03941885	0.00521604
757.31	0.94609206	0.03911275	0.00405681
757.71	0.94455844	0.04006438	0.00804953
758.1	0.92128037	0.0380565	0.00656831
758.5	0.91663211	0.04048261	0.00811387
758.9	0.91399856	0.0386153	0.00521604
759.3	0.9050994	0.03670695	0.00708358
759.69	0.88826546	0.03619914	0.00708358
760.09	0.8809234	0.03583189	0.00547368
760.49	0.86876075	0.0357935	0.00792058
760.89	0.85277912	0.03381629	0.00534473
761.29	0.85062355	0.03715077	0.00534473
761.68	0.84630177	0.03646706	0.00753425
762.08	0.82227018	0.03297962	0.00412141
762.48	0.82226354	0.03442871	0.00573131
762.88	0.81783367	0.03212244	0.0042501
763.27	0.79438062	0.03341065	0.00631067
763.67	0.79084559	0.0316197	0.00727662
764.07	0.77014039	0.03290548	0.0042501
764.46	0.7512541	0.03210456	0.00605329
764.86	0.76477538	0.02955068	0.00598869
765.26	0.74174228	0.03131624	0.00289783
765.65	0.73084836	0.0277445	0.00405681
766.05	0.72097108	0.02956612	0.00289783
766.45	0.71618284	0.02965529	0.00238256
766.85	0.70728412	0.0300329	0.00264019
767.24	0.70229343	0.02986715	0.00495841
767.64	0.6926691	0.03012471	0.00193189
768.04	0.67977642	0.02968332	0.00231821
768.43	0.66585644	0.02786191	0.00618198
768.83	0.66574437	0.02835164	0.00296217
769.22	0.64894232	0.0265735	0.00405681
769.62	0.65330442	0.0257417	0.00225387
770.02	0.63056059	0.02648412	0.00669726
770.41	0.63548793	0.02587434	0.00463642
770.81	0.62274453	0.02596636	0.00482972
771.21	0.63077544	0.02699945	0.00592435
771.6	0.59758244	0.02702504	0.00444339
772	0.58987758	0.02632609	0.00450773
772.39	0.58731933	0.02569336	0.00141661
772.79	0.58667833	0.02528	0.00360614
773.18	0.57468047	0.02392537	0.00463642
773.58	0.57792535	0.02422883	0.00412141
773.98	0.57242833	0.02296358	0.00560237
774.37	0.55961804	0.02270845	0.00212518
774.77	0.54729415	0.02324165	0.00321981
775.16	0.54233314	0.02382584	0.00218952
775.56	0.53880254	0.02237675	0.0018032
775.95	0.52641618	0.02259348	0.00270454
776.35	0.51783243	0.02068534	0.00470077
776.74	0.53292056	0.02211147	0.00367048
777.14	0.51821384	0.02225163	0.00328416
777.53	0.51478645	0.01942231	0.00231821
777.93	0.50311685	0.01963661	0.00148122
778.32	0.49671082	0.0201367	0.00470077
778.72	0.48925048	0.02143527	0.00347745
779.11	0.48226813	0.01821068	0.00212518
779.51	0.4801604	0.01978733	0.00193189
779.9	0.47065523	0.02023623	0.00463642
780.3	0.46882259	0.02029493	0.00405681
780.69	0.46395063	0.01923869	0.00495841
781.09	0.45512633	0.01989437	0.00270454
781.48	0.44383504	0.01925656	0.00276914
781.88	0.45021361	0.01769271	0.00502275
782.27	0.44437017	0.0161185	0.00399246
782.66	0.4412635	0.01628689	0.00392812
783.06	0.44540986	0.01735593	0.00470077
783.45	0.43047279	0.01651906	0.00167425
783.85	0.42581479	0.01851678	0.00302652
784.24	0.42138049	0.01888911	0.00431444
784.64	0.41340185	0.01720034	0.00309086
785.03	0.40611339	0.01689159	0.00212518
785.42	0.40064517	0.01616969	0.0025115
785.82	0.40248666	0.01837379	0.00199623
786.21	0.39175044	0.01630476	0.00186754
786.6	0.38532757	0.01651662	0.00283348
787	0.38506621	0.01533546	0.00128792
787.39	0.38011229	0.01618228	-0.00115923
787.78	0.37324422	0.01471796	7.7265E-4
788.18	0.36820658	0.01380471	0.00418575
788.57	0.35609754	0.01513883	0.00167425
788.96	0.36075333	0.0164374	0.00257585
789.36	0.3534024	0.01393228	0.00341285
789.75	0.36152988	0.01486847	0.00347745
790.14	0.35222495	0.01454449	0.00360614
790.54	0.34830141	0.01558286	0.00173859
790.93	0.33448643	0.01622575	0.00154556
791.32	0.34123755	0.01341939	0.00386377
791.72	0.33195697	0.01379192	0.00276914
792.11	0.3259926	0.01445776	0.0033485
792.5	0.32882772	0.0124448	0.00347745
792.89	0.32101742	0.01353923	0.00360614
793.29	0.31605995	0.01344742	0.00450773
793.68	0.31745093	0.01335053	1.2869E-4
794.07	0.31211516	0.012159	-3.8633E-4
794.46	0.30335199	0.01344498	4.5067E-4
794.86	0.30788109	0.01066909	0.00321981
795.25	0.30268441	0.01233775	0.00135227
795.64	0.28990513	0.01070748	0.00160991
796.03	0.29463667	0.01239381	0.00225387
796.43	0.28991399	0.01079929	0.00103029
796.82	0.28713646	0.01243972	0.00148122
797.21	0.28673822	0.010182	0.00154556
797.6	0.28424553	0.01161829	0.00206058
797.99	0.2796398	0.0112356	7.7265E-4
798.39	0.27470803	0.01019459	0.00643962
798.78	0.27239342	0.01137332	0.00154556
799.17	0.27491269	0.01098799	0.00309086
799.56	0.2693789	0.01156202	0.00553802
799.95	0.26297287	0.01023298	0
800.34	0.26681843	0.0107152	0
800.74	0.25457251	0.00953383	0
801.13	0.25277531	0.01034267	0
801.52	0.2481585	0.01032987	0
801.91	0.24181671	0.01014868	0
802.3	0.24028309	0.00933497	0
802.69	0.23489991	0.01156466	0
803.08	0.24306504	0.00937052	0
803.47	0.23510014	0.00830412	0
803.87	0.22702892	0.01012329	0
804.26	0.23029285	0.00914099	0
804.65	0.22911096	0.00949564	0
805.04	0.21808103	0.00965631	0
805.43	0.22295522	0.00926855	0
805.82	0.22836541	0.0064368	0
806.21	0.21447822	0.00862058	0
806.6	0.21831139	0.00940383	0
806.99	0.20733949	0.00912575	0
807.38	0.20652085	0.00838333	0
807.77	0.20216186	0.00747253	0
808.16	0.19536866	0.00583717	0
808.55	0.197021	0.00776848	0
808.94	0.19635121	0.00662042	0
809.33	0.19354223	0.0074061	0
809.72	0.19418323	0.00572749	0
810.11	0.19506787	0.00755418	0
810.5	0.19838629	0.00793179	0
810.89	0.18230543	0.0082123	0
811.28	0.1870981	0.00619955	0
811.67	0.18226999	0.00814101	0
812.06	0.17251099	0.00625561	0
812.45	0.17607083	0.00677865	0
812.84	0.17761641	0.00607706	0
813.23	0.17527523	0.00645203	0
813.62	0.17113906	0.00650809	0
814.01	0.16496427	0.00629644	0
814.4	0.16154131	0.00672239	0
814.79	0.16990047	0.00520952	0
815.18	0.16961209	0.00692653	0
815.57	0.15986195	0.00623002	0
815.95	0.1606921	0.00418151	0
816.34	0.15606954	0.00556418	0
816.73	0.15859899	0.00617639	0
817.12	0.15492796	0.00602344	0
817.51	0.15482032	0.00510248	0
817.9	0.15534437	0.00546729	0
818.29	0.14799655	0.0066383	0
818.68	0.14921299	0.00624017	0
819.07	0.14036389	0.00479637	0
819.45	0.14204989	0.00542382	0
819.84	0.13970206	0.00389572	0
820.23	0.14184169	0.0050259	0
820.62	0.14156482	0.00566635	0
821.01	0.13868275	0.00490605	0
821.4	0.13334786	0.0040182	0
821.78	0.13566025	0.00325283	0
822.17	0.12840723	0.00540858	0
822.56	0.13361498	0.00296459	0
822.95	0.12755493	0.00342873	0
823.34	0.12837711	0.00418659	0
823.72	0.13028904	0.00538563	0
824.11	0.12282471	0.00423249	0
824.5	0.1220836	0.0039467	0
824.89	0.11972115	0.00457171	0
825.27	0.1157985	0.0034978	0
825.66	0.12117415	0.00371453	0
826.05	0.11937252	0.00418659	0
826.44	0.11874746	0.00428612	0
826.82	0.11303648	0.00356401	0
827.21	0.10876343	0.00402064	0
827.6	0.10782563	0.00438037	0
827.98	0.11284865	0.00410737	0
828.37	0.11141205	0.00405903	0
828.76	0.11131282	0.00490341	0
829.15	0.10591148	0.00301802	0
829.53	0.10174962	0.00317889	0
829.92	0.10422104	0.00345697	0
830.31	0.1003675	0.00369422	0
830.69	0.10559785	0.0036865	0
831.08	0.10278887	0.0034722	0
831.47	0.09969992	0.00281916	0
831.85	0.09753327	0.00312527	0
832.24	0.09432871	0.00222218	0
832.63	0.0976201	0.00439073	0
833.01	0.09383566	0.00182669	0
833.4	0.09167787	0.00253336	0
833.78	0.09202429	0.00419939	0
834.17	0.09421973	0.0032835	0
834.56	0.08730692	0.00253844	0
834.94	0.08970082	0.00318641	0
835.33	0.09119945	0.00300786	0
835.71	0.09018811	6.5568E-4	0
836.1	0.08652815	0.00140054	0
836.49	0.0833165	0.00285491	0
836.87	0.08376082	0.00173732	0
837.26	0.08281238	0.00204871	0
837.64	0.08135717	0.00259978	0
838.03	0.08456085	0.00221182	0
838.41	0.08268702	2.6792E-4	0
838.8	0.08206905	0.00235482	0
839.18	0.07475401	0.00154354	0
839.57	0.07361332	0.00338283	0
839.95	0.07707747	0.00206394	0
840.34	0.07713418	0.00222969	0
840.73	0.07661322	0.00212265	0
841.11	0.07463485	0.00148484	0
841.5	0.07244472	0.00275781	0
841.88	0.07136649	0.00259714	0
842.26	0.06635365	0.00244155	0
842.65	0.06950727	0.00109951	0
843.03	0.0707122	0.00333692	0
843.42	0.07334753	0.00185473	0
843.8	0.07026921	0.00141334	0
844.19	0.06644269	0.00115313	0
844.57	0.06448425	9.8475E-4	0
844.96	0.06267819	0.00252057	0
845.34	0.06626771	0.00212772	0
845.73	0.06057843	0.00121956	0
846.11	0.06695434	0.00135727	0
846.49	0.06386983	0.00240844	0
846.88	0.0630441	0.0016839	0
847.26	0.05977574	4.0828E-4	0
847.65	0.06049161	1.5823E-4	0
848.03	0.06071753	0.00195162	0
848.41	0.06385521	0.0020613	0
848.8	0.06212269	9.8231E-4	0
849.18	0.0598227	3.9792E-4	0
849.56	0.05338965	0.00160468	0
849.95	0.05410285	2.2201E-4	0
850.33	0.0565477	0.00192866	0
850.71	0.05359563	0.00173224	0
851.1	0.05418746	9.2868E-4	0
851.48	0.05366474	0.00247974	0
851.86	0.05164472	0.00246958	0
852.25	0.05313803	0.0016252	0
852.63	0.05344103	5.7667E-4	0
853.01	0.04931683	-1.5051E-4	0
853.4	0.05251829	0.0017298	0
853.78	0.04973545	0.00222461	0
854.16	0.05179755	9.0309E-4	0
854.55	0.04876486	7.8061E-4	0
854.93	0.04727599	5.7139E-4	0
855.31	0.04514965	0.00130121	0
855.69	0.04658847	1.4787E-4	0
856.08	0.0452697	0.00108164	0
856.46	0.04930575	0.00180882	0
856.84	0.04912014	1.3772E-4	0
857.22	0.04944485	5.1289E-4	0
857.61	0.04269063	2.2201E-4	0
857.99	0.04684673	0.00107412	0
858.37	0.04211962	-2.031E-5	0
858.75	0.04313893	7.347E-4	0
859.13	0.0428851	3.6745E-4	0
859.52	0.04163322	-4.347E-5	0
859.9	0.04094881	7.9604E-4	0
860.28	0.04562497	4.7714E-4	0
860.66	0.04173467	0.00231907	0
861.04	0.04050848	9.0309E-4	0
861.43	0.03797902	-0.00116593	0
861.81	0.03985419	-9.5671E-4	0
862.19	0.03651672	0.00138795	0
862.57	0.0390639	1.7103E-4	0
862.95	0.03772209	0.00120412	0
863.33	0.03727999	4.6942E-4	0
863.71	0.03578668	0.00147468	0
864.1	0.03525731	6.0206E-4	0
864.48	0.03522055	4.9501E-4	0
864.86	0.04139179	0.00125267	0
865.24	0.03478642	2.3481E-4	0
865.62	0.03370154	-8.4439E-4	0
866	0.03423889	7.658E-5	0
866.38	0.03098515	-3.6481E-4	0
866.76	0.03534281	0.00224249	0
867.14	0.0324851	-5.1797E-4	0
867.52	0.0319987	5.7911E-4	0
867.9	0.03323951	-6.76E-4	0
868.28	0.03193447	-4.6434E-4	0
868.67	0.03226582	-9.8739E-4	0
869.05	0.03151939	0.00169913	0
869.43	0.03109102	-4.5926E-4	0
869.81	0.02924022	-4.2859E-4	0
870.19	0.03115304	-0.0011379	0
870.57	0.02573753	0.00112246	0
870.95	0.03070474	-4.2351E-4	0
871.33	0.02709617	-3.6481E-4	0
871.71	0.02947944	-0.00141334	0
872.09	0.02661863	-0.00170685	0
872.47	0.02506729	-6.4797E-4	0
872.85	0.0301417	-2.559E-5	0
873.23	0.02777837	-6.8636E-4	0
873.61	0.02511868	5.3584E-4	0
873.99	0.02730393	-7.8832E-4	0
874.36	0.02626601	-7.6273E-4	0
874.74	0.02498844	-5.4336E-4	0
875.12	0.02577075	-0.00115821	0
875.5	0.02666426	-5.87E-5	0
875.88	0.02727071	0.0012807	0
876.26	0.023702	2.5512E-4	0
876.64	0.02494724	-0.00103837	0
877.02	0.02183925	-1.016E-5	0
877.4	0.02570962	-6.886E-5	0
877.78	0.02556919	0.00109199	0
878.16	0.01861342	-0.0015537	0
878.54	0.02615349	-0.00148484	0
878.91	0.02318238	8.166E-5	0
879.29	0.02231324	2.031E-5	0
879.67	0.02230438	4.1072E-4	0
880.05	0.02389692	-8.166E-5	0
880.43	0.02216883	2.8315E-4	0
880.81	0.01922075	1.0461E-4	0
881.19	0.02215864	-3.1119E-4	0
881.56	0.01941345	3.5201E-4	0
881.94	0.01790464	2.2953E-4	0
882.32	0.01802247	-5.1289E-4	0
882.7	0.01702221	0.0015868	0
883.08	0.01725123	-6.3009E-4	0
883.45	0.01981613	-8.649E-4	0
883.83	0.02021924	7.15E-5	0
884.21	0.0206073	-2.4233E-4	0
884.59	0.01855538	-0.00184193	0
884.97	0.01901609	-0.00166338	0
885.34	0.02000882	-0.00157665	0
885.72	0.01790464	-0.00160468	0
886.1	0.01904754	7.3734E-4	0
886.48	0.02209175	2.2709E-4	0
886.85	0.01946129	4.855E-5	0
887.23	0.02137101	-5.8175E-4	0
887.61	0.01949009	-4.9745E-4	0
887.98	0.01746475	-9.362E-4	0
888.36	0.01923758	-7.2962E-4	0
888.74	0.01966064	6.8107E-4	0
889.12	0.02001325	-0.00243383	0
889.49	0.01552093	-0.00103065	0
889.87	0.0182515	7.5257E-4	0
890.25	0.01760075	2.3217E-4	0
890.62	0.01620534	-1.8626E-4	0
891	0.01600068	8.777E-4	0
891.38	0.01938554	-0.00117609	0
891.75	0.02133646	-4.4383E-4	0
892.13	0.01862006	-3.5709E-4	0
892.51	0.01881498	-0.0013266	0
892.88	0.0183773	-9.362E-4	0
893.26	0.01726674	4.591E-5	0
893.64	0.01595948	-0.00183949	0
894.01	0.01869138	1.8626E-4	0
894.39	0.01440593	-4.6678E-4	0
894.76	0.01747716	-4.6678E-4	0
895.14	0.01483873	-0.00329609	0
895.52	0.01516698	-1.5051E-4	0
895.89	0.01790907	-0.00133676	0
896.27	0.01836756	9.689E-5	0
896.64	0.01904267	-6.642E-5	0
897.02	0.01857753	-0.00148991	0
897.39	0.01960261	-8.4439E-4	0
897.77	0.01516476	5.0009E-4	0
898.15	0.01930005	-8.2143E-4	0
898.52	0.01453484	7.902E-5	0
898.9	0.01910956	3.311E-5	0
899.27	0.01524627	-1.5559E-4	0
899.65	0.01594841	-0.00137759	0
900.02	0.01553554	2.4741E-4	0
900.4	0.01316202	-4.1336E-4	0
900.77	0.01326967	-0.00187524	0
901.15	0.01684856	9.445E-5	0
901.52	0.01157524	-4.1844E-4	0
901.9	0.01745944	6.76E-4	0
902.27	0.01514926	-0.00108164	0
902.65	0.01837287	-1.787E-5	0
903.02	0.01455743	6.8372E-4	0
903.4	0.01329979	-9.7703E-4	0
903.77	0.01612206	-0.00104609	0
904.14	0.01461502	-9.445E-5	0
904.52	0.01274916	3.7253E-4	0
904.89	0.01487904	-9.4148E-4	0
905.27	0.01145165	-0.00110723	0
905.64	0.01412995	-2.9331E-4	0
906.02	0.00835562	-0.00129593	0
906.39	0.01141134	6.9895E-4	0
906.76	0.01082305	-0.00158173	0
907.14	0.01099759	-0.00222725	0
907.51	0.01087754	-0.00191587	0
907.89	0.00982589	-0.00107412	0
908.26	0.01375385	-3.4186E-4	0
908.63	0.01145829	-8.649E-4	0
909.01	0.01308051	6.5568E-4	0
909.38	0.0107473	-0.00196441	0
909.75	0.01228934	-0.00195933	0
910.13	0.00660227	-0.00183177	0
910.5	0.00933506	-8.2915E-4	0
910.87	0.01132894	-1.1477E-4	0
911.25	0.01008415	-9.8739E-4	0
911.62	0.01256753	5.0253E-4	0
911.99	0.0104412	5.0253E-4	0
912.37	0.00944536	-9.9246E-4	0
912.74	0.0103145	-2.64E-6	0
913.11	0.01034773	-0.00124759	0
913.49	0.00874987	-0.00160468	0
913.86	0.00822671	-8.9557E-4	0
914.23	0.01054486	-0.0015281	0
914.6	0.00485602	-0.00111231	0
914.98	0.01213385	-6.4045E-4	0
915.35	0.00835694	6.1486E-4	0
915.72	0.00720872	-2.73E-4	0
916.09	0.01081153	-0.00124251	0
916.47	0.00959775	-0.00118624	0
916.84	0.00629174	-0.00118888	0
917.21	0.00376229	-1.2756E-4	0
917.58	0.00338043	-8.4195E-4	0
917.95	0.00625497	-0.0026201	0
918.33	0.00929386	-5.6895E-4	0
918.7	0.00861609	5.87E-5	0
919.07	0.00629041	-0.00121692	0
919.44	0.00706077	-4.4647E-4	0
919.81	0.00840479	-8.8278E-4	0
920.19	0.00475148	-2.7544E-4	0
920.56	0.00370115	8.7242E-4	0
920.93	0.00828474	7.7045E-4	0
921.3	0.01022635	-0.00152059	0
921.67	0.00689597	-4.2859E-4	0
922.04	0.00784485	-0.00147468	0
922.41	0.00671568	-0.00177571	0
922.79	0.00397802	-0.00208954	0
923.16	0.00713164	-0.00154598	0
923.53	0.00571763	-7.9096E-4	0
923.9	0.0074599	-1.2492E-4	0
924.27	0.00575307	-9.1325E-4	0
924.64	0.00396473	-0.00171437	0
925.01	0.00619606	-0.00183949	0
925.38	0.00712943	-5.0253E-4	0
925.75	0.0028741	-0.00175784	0
926.12	0.00656861	-0.00163027	0
926.49	0.00483742	-0.0013394	0
926.86	0.00754584	-0.00135463	0
927.24	0.00455125	-0.0012551	0
927.61	0.00837156	-7.658E-5	0
927.98	0.00583989	-4.855E-5	0
928.35	0.00667315	-7.902E-5	0
928.72	0.00783068	-0.00158945	0
929.09	0.00289979	-0.00190835	0
929.46	0.0065407	-4.2859E-4	0
929.83	0.00644634	-4.1844E-4	0
930.2	0.00662442	-0.00145924	0
930.57	0.00278284	-0.00184701	0
930.94	0.00686364	-1.0461E-4	0
931.31	0.00688268	-0.00200016	0
931.68	0.00179277	-9.7459E-4	0
932.05	0.0066067	-1.5316E-4	0
932.41	0.00337512	-6.114E-5	0
932.78	0.00324355	-0.00176027	0
933.15	0.00599095	-7.6029E-4	0
933.52	0.00208425	-1.302E-4	0
933.89	0.00400814	-0.00150271	0
934.26	0.00337512	-8.6226E-4	0
934.63	0.00526578	-0.00201032	0
935	0.00395277	-0.00141334	0
935.37	0.00541153	-0.00144137	0
935.74	0.00425976	-5.8926E-4	0
936.11	0.00491715	-0.00190835	0
936.48	0.00360857	-0.00111495	0
936.84	0.00766013	-2.4233E-4	0
937.21	0.00381899	4.4139E-4	0
937.58	0.00113183	-0.00134448	0
937.95	0.00213652	-0.00234466	0
938.32	0.00438557	-6.2765E-4	0
938.69	6.3524E-4	-8.673E-5	0
939.06	0.00434969	-5.8926E-4	0
939.42	5.6747E-4	-0.00103065	0
939.79	0.00555284	-0.00441876	0
940.16	0.0030792	-0.00186996	0
940.53	0.00542349	-0.00126038	0
940.9	0.0069416	-4.1336E-4	0
941.26	0.00237795	-0.00224005	0
941.63	0.00361211	-6.886E-5	0
942	0.00219766	-0.00116085	0
942.37	0.00279658	-0.00166846	0
942.74	0.00613271	-2.2709E-4	0
943.1	0.00480951	-0.0018854	0
943.47	0.00227695	-3.5973E-4	0
943.84	0.00181625	-0.00114034	0
944.21	0.00378665	-0.0015868	0
944.57	0.00484716	-0.00156649	0
944.94	0.00445999	4.8465E-4	0
945.31	0.00126517	-0.0018854	0
945.67	8.7446E-4	-0.00185737	0
946.04	0.00587533	-7.5014E-4	0
946.41	0.00434969	-0.00123743	0
946.78	0.00182068	-0.00147204	0
947.14	0.00308363	-0.00104081	0
947.51	0.00255603	-0.00190327	0
947.88	0.00422964	-3.5201E-4	0
948.24	0.00250819	-0.00130629	0
948.61	0.00227208	9.9998E-4	0
948.98	0.00361211	-7.0423E-4	0
949.34	0.00633825	-0.0011251	0
949.71	0.00233011	-6.6584E-4	0
950.08	0.00445645	-5.2812E-4	0
950.44	0.00496943	-0.00264813	0
950.81	0.00192389	2.7036E-4	0
951.17	0.00409851	-0.00191343	0
951.54	0.00191503	-0.00116085	0
951.91	0.0040427	-5.9698E-4	0
952.27	0.00362452	-0.00130873	0
952.64	0.00433994	-0.00170685	0
953	0.00371001	-0.0031405	0
953.37	0.005132	-0.00159452	0
953.74	7.7656E-4	-0.00118381	0
954.1	8.8597E-4	-0.00247974	0
954.47	0.00383228	-0.00181654	0
954.83	0.00234561	-0.00150779	0
955.2	7.3757E-4	-7.6029E-4	0
955.56	0.0019518	-0.00195669	0
955.93	0.00568972	-9.362E-4	0
956.29	0.004254	-0.0018011	0
956.66	8.2661E-4	-4.7958E-4	0
957.02	0.0027031	-7.3978E-4	0
957.39	0.00532559	-0.00217099	0
957.75	0.00478248	-4.3631E-4	0
958.12	6.6891E-4	-0.00164551	0
958.48	0.00124391	-0.0014109	0
958.85	0.00376007	-0.0011251	0
959.21	-7.8763E-4	-7.0159E-4	0
959.58	-6.556E-5	-0.00140054	0
959.94	0.00282626	-0.00150007	0
960.31	2.7155E-4	-0.00258942	0
960.67	0.0038912	-6.7356E-4	0
961.04	-4.563E-5	-0.00189555	0
961.4	-7.664E-5	-0.00230627	0
961.77	8.6338E-4	-2.9859E-4	0
962.13	0.00375653	-0.00222218	0
962.49	0.00114822	-0.00207918	0
962.86	0.00584211	-0.00119132	0
963.22	0.0041561	-0.00124495	0
963.59	3.2958E-4	-0.0016252	0
963.95	0.00318596	-0.00219415	0
964.31	0.00133959	-0.00142877	0
964.68	0.00223575	1.4036E-4	0
965.04	8.5452E-4	-4.5154E-4	0
965.4	0.00331265	-4.8729E-4	0
965.77	0.00196199	-0.00341106	0
966.13	-2.2681E-4	-0.00191587	0
966.5	0.00302693	-0.00233186	0
966.86	0.00289226	-0.0016583	0
967.22	0.00483299	-0.00164307	0
967.59	0.00378001	-0.00113282	0
967.95	0.0067334	-0.00140582	0
968.31	-0.00115044	-0.00127562	0
968.67	0.00566846	3.2906E-4	0
969.04	0.00307256	-0.00189048	0
969.4	0.00178391	-0.00109443	0
969.76	0.0014809	-9.1081E-4	0
970.13	0.00264064	-0.00148991	0
970.49	0.00574066	-0.00129349	0
970.85	0.00305572	-0.00197965	0
971.21	9.0015E-4	-0.00196705	0
971.58	0.00199167	-4.5419E-4	0
971.94	0.00380924	-0.00189555	0
972.3	0.00447239	-0.00101542	0
972.66	0.00309914	-9.8475E-4	0
973.03	-8.6693E-4	-0.00206394	0
973.39	-5.006E-5	-0.00145681	0
973.75	0.0042952	-0.002939	0
974.11	0.00430184	-0.00232171	0
974.47	-0.00162576	-0.00198737	0
974.84	0.00203862	-0.00135971	0
975.2	0.00337733	-0.00105868	0
975.56	0.0057699	-5.0517E-4	0
975.92	0.0011686	-9.6179E-4	0
976.28	0.00356206	-0.00153582	0
976.64	0.00354655	-0.00224757	0
977.01	0.00439974	-0.00274502	0
977.37	0.00246256	-0.00120676	0
977.73	0.00350845	-0.00216855	0
978.09	0.00470939	-0.00147204	0
978.45	0.00222114	-6.9895E-4	0
978.81	0.00114955	1.4544E-4	0
979.17	0.00198059	-4.7714E-4	0
979.54	0.00168158	-9.1589E-4	0
979.9	0.0023558	-0.00157401	0
980.26	0.00194958	-0.00246186	0
980.62	0.00245813	-0.00188276	0
980.98	0.00306901	-5.2548E-4	0
981.34	0.00425976	-0.00154354	0
981.7	0.00180163	-0.00138795	0
982.06	0.00338398	-0.00287014	0
982.42	7.234E-4	-0.00221954	0
982.78	1.9359E-4	-1.7611E-4	0
983.14	0.00381146	8.409E-5	0
983.5	0.00234118	-0.00135971	0
983.86	0.0028329	-0.00173488	0
984.22	0.00321608	-8.9557E-4	0
984.58	0.00309559	-0.00153846	0
984.94	0.00331841	-0.0018598	0
985.3	-7.0125E-4	-0.00189048	0
985.66	0.00214317	-0.00292113	0
986.02	0.00264862	-5.2812E-4	0
986.38	2.4586E-4	-0.00249253	0
986.74	0.00120404	-0.00228332	0
987.1	0.00119961	-0.00220938	0
987.46	4.1729E-4	-4.3631E-4	0
987.82	0.00137326	-8.7242E-4	0
988.18	-6.4543E-4	-0.00102557	0
988.54	3.4509E-4	-0.00276289	0
988.9	0.00409408	-3.9548E-4	0
989.26	0.00252148	2.3481E-4	0
989.62	3.318E-4	-0.00139302	0
989.98	0.00336404	-0.00164551	0
990.34	-4.6514E-4	-0.00157929	0
990.69	0.0040139	-9.7195E-4	0
991.05	0.00100159	-0.00201032	0
991.41	0.00310002	-0.0010536	0
991.77	3.0699E-4	-0.00141598	0
992.13	0.00376007	-9.5407E-4	0
992.49	0.00347612	-0.00139302	0
992.85	0.00272836	-0.00228332	0
993.21	0.00305572	-5.3584E-4	0
993.56	0.00158235	-6.5812E-4	0
993.92	0.00221892	-0.00179094	0
994.28	0.00320368	-0.00197457	0
994.64	0.00150217	-6.7356E-4	0
995	0.00324709	-0.00132924	0
995.36	0.00328475	-0.00158173	0
995.71	0.00250376	-0.0026201	0
996.07	0.00337157	-0.00247974	0
996.43	-0.00295428	-0.00163271	0
996.79	0.00266501	-0.00272735	0
997.14	-7.3669E-4	-0.00274502	0
997.5	-4.9615E-4	-4.0056E-4	0
997.86	4.6514E-4	-0.00114298	0
998.22	7.0789E-4	-0.00138531	0
998.58	0.00106273	-4.4139E-4	0
998.93	-7.0656E-4	-0.00230383	0
999.29	6.698E-4	-0.0013981	0
999.65	0.00296757	-0.00138795	0
1000	0.0016457	-8.5211E-4	0
1000.36	0.00223	-1.7103E-4	0
1000.72	0.00259059	-0.00113282	0
1001.08	-0.00189953	-0.00137251	0
1001.43	0.00344732	-0.00142349	0
1001.79	0.00178701	-0.00149763	0
1002.15	3.0389E-4	-0.00181654	0
1002.5	0.00147559	-0.0023471	0
1002.86	0.00255958	-0.00132924	0
1003.22	-0.00119163	-9.6951E-4	0
1003.57	0.00358332	-0.00249761	0
1003.93	0.00336493	-0.00121692	0
1004.29	0.00313014	6.9387E-4	0
1004.64	4.6159E-4	-0.00192866	0
1005	0.00148223	-0.00291869	0
1005.36	9.7147E-4	-0.0016711	0
1005.71	0.00202844	-0.0011507	0
1006.07	2.3611E-4	-0.00159452	0
1006.42	0.00184593	-0.00224513	0
1006.78	0.00230663	-0.00233938	0
1007.14	0.00163595	-5.2812E-4	0
1007.49	7.5441E-4	-9.1589E-4	0
1007.85	0.00345175	-8.9557E-4	0
1008.2	0.00310224	-3.0367E-4	0
1008.56	0.0014809	-0.00131137	0
1008.91	2.8263E-4	-7.8061E-4	0
1009.27	-4.5849E-4	-3.5465E-4	0
1009.62	0.00115487	-0.0019313	0
1009.98	4.9172E-4	-0.00103065	0
1010.34	6.1221E-4	-0.00173488	0
1010.69	-1.0676E-4	-0.00109707	0
1011.05	5.719E-4	-0.00100526	0
1011.4	0.00330069	-0.00164551	0
1011.76	0.00119518	-0.00205622	0
1012.11	8.811E-4	-0.00134204	0
1012.47	0.00268716	5.362E-5	0
1012.82	-8.7446E-4	-0.00103837	0
1013.18	0.00202091	-4.6678E-4	0
1013.53	3.6281E-4	-5.0761E-4	0
1013.88	0.00554398	-0.00284963	0
1014.24	0.00301541	-0.00148727	0
1014.59	0.00418179	-7.9096E-4	0
1014.95	0.00357402	-0.00147976	0
1015.3	0.00158589	-0.00168126	0
1015.66	5.4842E-4	-0.00123479	0
1016.01	-0.00201869	-0.00132152	0
1016.37	8.2218E-4	-0.00121692	0
1016.72	0.00134402	-0.00261502	0
1017.07	0.00164259	-0.00223477	0
1017.43	8.8907E-4	-0.00140582	0
1017.78	0.00187605	-7.6537E-4	0
1018.13	1.6258E-4	-0.00110987	0
1018.49	5.8962E-4	-0.00224757	0
1018.84	0.00128422	-0.00192358	0
1019.2	0.00377247	-4.2615E-4	0
1019.55	0.00126428	-7.1439E-4	0
1019.9	-1.2669E-4	-6.3273E-4	0
1020.26	0.00299238	3.575E-5	0
1020.61	0.00141534	-0.00195162	0
1020.96	0.00372773	-0.00145173	0
1021.32	0.0017972	-5.9698E-4	0
1021.67	-3.318E-4	-0.00130629	0
1022.02	-2.7377E-4	-0.00161748	0
1022.38	0.00193629	-0.00191079	0
1022.73	8.904E-5	2.1166E-4	0
1023.08	-0.00118056	-0.00155105	0
1023.43	-1.7011E-4	-0.00211757	0
1023.79	-0.00201869	-9.949E-4	0
1024.14	0.00401479	-8.4703E-4	0
1024.49	-0.0020466	-0.00132417	0
1024.84	0.00125277	-0.00142877	0
1025.2	0.00201205	-0.00258699	0
1025.55	0.00159785	-0.00109951	0
1025.9	0.00163152	-0.00182405	0
1026.25	0.00194604	-0.00171944	0
1026.61	5.6747E-4	-0.00191851	0
1026.96	0.00170018	-0.00175519	0
1027.31	0.00168911	-0.00118624	0
1027.66	0.00242358	-2.5005E-4	0
1028.01	0.00190396	-9.6687E-4	0
1028.37	0.0038212	-0.00239564	0
1028.72	-1.2005E-4	-0.00137007	0
1029.07	0.00138433	-0.00119396	0
1029.42	-3.7831E-4	-0.00158945	0
1029.77	-0.00176929	-0.00210477	0
1030.12	0.00248914	2.3217E-4	0
1030.48	0.00262381	-1.4544E-4	0
1030.83	-0.00309249	-1.6331E-4	0
1031.18	0.00249357	-0.00117609	0
1031.53	0.00240143	-1.4544E-4	0
1031.88	0.00122973	-6.114E-5	0
1032.23	-0.00314033	-0.00125774	0
1032.58	0.00521218	-7.7045E-4	0
1032.93	0.00223	-0.00116837	0
1033.28	0.00345751	-5.204E-4	0
1033.64	0.00107956	4.5662E-4	0
1033.99	-3.455E-5	-0.00143893	0
1034.34	-3.455E-5	-0.00143893	0
1034.69	-3.455E-5	-0.00143893	0
