Wavelength_(nm)	S1_1.3uJ(arb.units)	S1_15uJ(arb.units)	S1_400uJ(arb.units)
189.07	0.00373836	0.00129144	2.7192E-4
189.54	0.00373836	0.00129144	2.7192E-4
190.01	0.00373836	0.00129144	2.7192E-4
190.48	1.3596E-4	-3.738E-4	0.00166524
190.95	-9.5174E-4	2.7192E-4	-0.00176711
191.41	-1.3596E-4	-0.00156336	-0.00166524
191.88	0.0024806	0.00492752	0.00135922
192.35	3.0602E-4	-7.135E-4	-0.0014274
192.82	-0.00152927	-0.00387432	-0.00326229
193.29	0.00210681	-0.00135922	-7.4759E-4
193.75	-9.8542E-4	0.00176711	-0.00485974
194.22	0.00193716	1.0187E-4	0.0021409
194.69	0.0021409	-0.00122326	-2.0374E-4
195.16	-3.738E-4	1.3596E-4	0.00207312
195.63	2.7192E-4	-0.0024806	-0.00115548
196.09	-0.00135922	-0.00125735	-0.00227686
196.56	0.00438408	-0.00183529	-6.1163E-4
197.03	0.00159705	-0.00186898	0.00333047
197.5	0.00316042	-0.00163114	0.00234505
197.96	0.00108729	-0.00135922	-0.00451963
198.43	-9.1764E-4	-0.00275253	-0.00305855
198.9	-9.5174E-4	0.00139331	0.00139331
199.37	-0.00112139	-2.0374E-4	0
199.83	-0.00207312	-0.00186898	0.00118957
200.3	0.00139331	5.7754E-4	0.006083
200.77	-0.00176711	-0.00288849	-0.00105361
201.24	3.397E-4	-4.7567E-4	0.00339825
201.7	-0.00237873	0.00231096	9.8542E-4
202.17	0.00288849	0.00258288	0.00390801
202.64	7.135E-4	-3.0602E-4	6.1163E-4
203.1	-0.00254879	0	-5.0976E-4
203.57	9.8542E-4	0.00241283	0.00373836
204.04	0.00108729	-0.00186898	0.00261657
204.51	0.00115548	0.00329638	0.00472378
204.97	-0.00336456	-6.1163E-4	-0.00101952
205.44	-4.0789E-4	-8.1577E-4	0.0014274
205.91	-0.00329638	-0.00115548	-0.0024806
206.37	0.00132553	9.1764E-4	0.00417993
206.84	0.0014274	0.0042818	9.1764E-4
207.31	4.4198E-4	-8.8355E-4	0.00176711
207.77	6.4572E-4	0.00146149	0.00197085
208.24	-7.135E-4	0.00468969	0.00152927
208.71	2.7192E-4	-0.00176711	0.00353421
209.17	-3.738E-4	-0.00200494	0.00217499
209.64	0.00207312	0.00441776	0.00227686
210.1	0.00203903	-0.00203903	-1.0187E-4
210.57	0.00438408	0.00122326	0.00101952
211.04	-0.00173301	0.00254879	-3.0602E-4
211.5	0.00159705	1.7005E-4	5.7754E-4
211.97	4.4198E-4	-0.00343234	0.00217499
212.44	0.00118957	3.738E-4	4.7567E-4
212.9	-5.0976E-4	0.00132553	-2.0374E-4
213.37	0.00146149	0.00339825	0.00462191
213.83	0.00203903	3.0602E-4	-7.135E-4
214.3	0.00132553	-0.00244692	0.00275253
214.77	0.00234505	-0.00132553	0.00367017
215.23	2.0374E-4	3.0602E-4	0.00326229
215.7	0.00237873	0.00615118	0.00513167
216.16	0.00343234	3.738E-4	0.00210681
216.63	2.0374E-4	-0.0021409	0.00193716
217.09	-0.00101952	6.1163E-4	0.00254879
217.56	-8.8355E-4	0.00400988	0.00166524
218.03	6.1163E-4	-0.00101952	-0.00152927
218.49	-0.00166524	0.00516535	0.00333047
218.96	0.00200494	8.8355E-4	0.00190307
219.42	2.7192E-4	0.00190307	0.00700064
219.89	-7.4759E-4	-0.00380614	0.0025147
220.35	-8.8355E-4	0.00319451	0.0024806
220.82	-0.00169933	-5.7754E-4	0.00421402
221.28	-0.00210681	2.3783E-4	0.00197085
221.75	0.0057433	-0.00139331	-6.778E-5
222.21	0.0014274	-9.1764E-4	0.00285481
222.68	0.00101952	0.00244692	0.00193716
223.14	0.00265066	0.00224277	0.00458782
223.61	0.00448595	3.0602E-4	0.00346643
224.07	0.00519945	0.00468969	0.00316042
224.54	-0.00237873	-2.3783E-4	7.8168E-4
225	0.00169933	0.006083	6.778E-5
225.47	0.00271884	0.0039421	0.00363608
225.93	-0.00200494	-9.8542E-4	-0.00169933
226.4	0.00448595	0.00265066	0
226.86	-8.1577E-4	2.0374E-4	-3.0602E-4
227.33	0.0025147	9.8542E-4	0.00434999
227.79	0.00282071	1.7005E-4	0.00139331
228.26	0.00244692	7.135E-4	0.00203903
228.72	0.00146149	0.00176711	-1.7005E-4
229.18	0.00227686	9.5174E-4	0.00268475
229.65	0.00108729	0.00190307	-6.4572E-4
230.11	0.00152927	0	0.00203903
230.58	3.0602E-4	0.00285481	0.00336456
231.04	0.00299036	-5.7754E-4	0.00421402
231.51	0.00237873	3.409E-5	-6.778E-5
231.97	0.00567511	0.00302445	0.0018012
232.43	0.00285481	0.00468969	-0.00122326
232.9	0.00387432	-7.135E-4	5.0976E-4
233.36	0.00316042	-0.00275253	0.00499571
233.83	0.00244692	0.00346643	-8.1577E-4
234.29	-0.00173301	0.00672872	0.00448595
234.75	-8.1577E-4	0.00519945	0.00285481
235.22	-0.0014274	0.00285481	0.00367017
235.68	0.0021409	-6.1163E-4	0.00265066
236.14	0.00193716	0.00224277	0.00458782
236.61	0.00203903	0.00316042	0.00326229
237.07	-0.00115548	2.7192E-4	0.0053695
237.53	-0.00173301	6.1163E-4	-0.00183529
238	7.135E-4	0.00275253	0.00254879
238.46	0.00285481	0.0035683	0.00275253
238.93	9.1764E-4	-9.1764E-4	0.00438408
239.39	4.0789E-4	-0.00519945	6.1163E-4
239.85	0.00373836	0.00118957	0.00261657
240.31	0.00455373	0.00312632	0.0032286
240.78	0.00217499	0.00421402	0.00278662
241.24	0.00292258	-2.3783E-4	0.00424812
241.7	0.00547137	1.7005E-4	0.00373836
242.17	-2.0374E-4	0.00295668	0.0014274
242.63	0.00271884	-0.00105361	0.00271884
243.09	-2.0374E-4	0.00224277	0.00275253
243.56	9.5174E-4	0.00176711	0.00217499
244.02	0.00203903	0.00203903	0.00448595
244.48	0.00200494	-0.00227686	0.00241283
244.94	0.00193716	0.00101952	-3.0602E-4
245.41	-0.00237873	4.7567E-4	-1.3596E-4
245.87	6.1163E-4	0.00122326	-6.1163E-4
246.33	-6.4572E-4	-3.409E-5	3.738E-4
246.8	0.00645679	0.00635492	0.00502939
247.26	0.0018012	0.00169933	0.00271884
247.72	0.00176711	-0.00434999	0.00288849
248.18	7.135E-4	-0.00285481	-0.00193716
248.64	-7.4759E-4	-6.4572E-4	0.00282071
249.11	0.00135922	0.00431589	0.00513167
249.57	-5.7754E-4	0.00299036	0.00472378
250.03	0.00156336	0.00176711	0.0036024
250.49	0.00152927	0.00316042	0.00530132
250.96	-0.00421402	-0.00105361	0.00312632
251.42	0.00163114	0.00265066	0.0057092
251.88	1.0187E-4	0.00112139	0.00295668
252.34	-3.397E-4	-6.4572E-4	-5.4385E-4
252.8	2.7192E-4	-0.00197085	9.8542E-4
253.27	-0.00139331	0.00227686	6.4572E-4
253.73	2.0374E-4	0.00112139	0.00224277
254.19	-3.397E-4	-0.0024806	-0.00115548
254.65	0.00275253	-3.0602E-4	-0.0014274
255.11	0.00377204	0.00632083	0.0035683
255.57	0.00101952	0.00468969	0.00122326
256.04	4.4198E-4	-0.00159705	0.00288849
256.5	0.00190307	0.00139331	0.0039421
256.96	0.00299036	-5.7754E-4	0.00421402
257.42	0.00499571	0.00183529	0.00183529
257.88	3.409E-5	0.00309264	0.00319451
258.34	-7.8168E-4	6.4572E-4	4.4198E-4
258.8	0.00254879	0.00132553	0.0021409
259.27	0.00203903	0.00173301	0.00367017
259.73	0.00224277	0.00224277	0.00489343
260.19	0.00400988	-0.00159705	0.00451963
260.65	0.00431589	0.00115548	0.00288849
261.11	-0.00193716	0.00254879	0.00295668
261.57	0.00319451	0.00156336	3.397E-4
262.03	0.0025147	0.00190307	-0.00186898
262.49	0.00632083	0.00101952	0.00285481
262.95	0.00244692	8.1577E-4	-0.00132553
263.41	-3.397E-4	-0.00135922	0.00169933
263.88	-0.00666094	-1.3596E-4	-0.00319451
264.34	-4.7567E-4	0.00125735	0.00288849
264.8	0.00156336	0.00217499	0.00207312
265.26	0.00241283	5.7754E-4	0.0018012
265.72	8.1577E-4	0.00173301	0.00183529
266.18	-9.5174E-4	0.00210681	3.738E-4
266.64	0.00254879	0.00560733	0.00723848
267.1	-0.00210681	0.00350012	0.00176711
267.56	2.7192E-4	-2.3783E-4	0.0018012
268.02	0.0018012	4.7567E-4	0.00659276
268.48	0.0018012	0.00455373	0.00424812
268.94	0.00135922	0.00125735	0.0057433
269.4	0.00513167	0.00115548	0.0036024
269.86	0.00288849	2.3783E-4	-0.00220909
270.32	0.00132553	0.00448595	0.00407806
270.78	0.0035683	0.0035683	0.00132553
271.24	-3.409E-5	-0.00125735	0.00302445
271.7	-2.0374E-4	5.0976E-4	-3.0602E-4
272.16	4.4198E-4	-0.00129144	-2.7192E-4
272.62	-7.135E-4	0.00173301	0.00275253
273.08	0.00217499	-0.00108729	2.3783E-4
273.54	0.0036024	0.00237873	-9.8542E-4
274	0.0014274	-2.0374E-4	0.0042818
274.46	0.00400988	0.00288849	0.00523354
274.92	0.00169933	0.00333047	0.00241283
275.38	0.00404397	5.7754E-4	0.00159705
275.84	0.00197085	-0.00190307	0.00553915
276.3	0.00237873	3.397E-4	0.00115548
276.76	-4.7567E-4	3.397E-4	7.4759E-4
277.22	0.0014274	0.00101952	-0.0014274
277.68	0.00292258	-0.00288849	0.00210681
278.14	-0.00149518	0.00268475	0.00105361
278.59	0.00587926	0.00526763	-4.4198E-4
279.05	3.397E-4	0.00115548	0.00645679
279.51	1.3596E-4	0.00135922	9.5174E-4
279.97	-0.00197085	-4.4198E-4	0.00353421
280.43	3.0602E-4	-9.1764E-4	-5.0976E-4
280.89	0.00210681	-0.00146149	0.0032286
281.35	0.0014274	0	6.1163E-4
281.81	-0.00261657	-0.00302445	0.00146149
282.27	2.0374E-4	0.00336456	0.00458782
282.72	6.778E-5	0.0025147	0.00292258
283.18	0.00122326	0.0021409	8.1577E-4
283.64	0.00166524	1.3596E-4	0.00146149
284.1	0.00363608	3.738E-4	0.00343234
284.56	-0.00176711	0.00424812	0.0046556
285.02	-3.397E-4	0.00169933	-5.4385E-4
285.48	0.00139331	3.738E-4	0.00261657
285.93	-0.00135922	0.00159705	0.00118957
286.39	0.00285481	0.00122326	0.00316042
286.85	-0.00152927	7.135E-4	0.0021409
287.31	0.00557324	0.00129144	0.00689877
287.77	0.00421402	0.00125735	0.00462191
288.23	0.00115548	-0.00139331	0.00635492
288.68	0.00316042	0.00295668	0.00173301
289.14	4.0789E-4	0.00316042	0.00489343
289.6	8.1577E-4	0.00193716	-0.00173301
290.06	0.00275253	0.00346643	-1.0187E-4
290.52	0.00533541	0.00207312	0.00288849
290.97	6.1163E-4	-3.0602E-4	0.00152927
291.43	0.00434999	7.8168E-4	0.00129144
291.89	6.778E-5	-0.00115548	0.00333047
292.35	0.00176711	9.5174E-4	0.00645679
292.81	0.00285481	2.0374E-4	0.00244692
293.26	0.00166524	-0.00108729	8.4946E-4
293.72	2.3783E-4	0.00390801	-6.778E-5
294.18	0.00261657	0.0018012	3.738E-4
294.64	0.00339825	0.00380614	0.00146149
295.09	0.0032286	0.00271884	0.006083
295.55	0.0014274	-0.00122326	0.00407806
296.01	-0.00176711	0.00210681	0.00333047
296.46	0.00217499	0.00176711	0.00125735
296.92	-7.4759E-4	-7.4759E-4	0.0025147
297.38	-1.3596E-4	-6.4572E-4	0.00353421
297.84	-0.00115548	-8.4946E-4	0.00302445
298.29	3.0602E-4	0.00285481	0.00509758
298.75	0.00139331	0.00506348	0.00129144
299.21	0.00108729	-9.5174E-4	0.00231096
299.66	0.00319451	0.0036024	0.00441776
300.12	-4.0789E-4	1.0187E-4	0.00346643
300.58	-1.7005E-4	0.00543728	0.00105361
301.03	6.778E-5	2.7192E-4	0.00373836
301.49	0.00404397	0.00159705	1.7005E-4
301.95	3.738E-4	7.8168E-4	0.00404397
302.4	0.00265066	0.00152927	0.00112139
302.86	0.00455373	0.00241283	0.00312632
303.32	0.00227686	7.4759E-4	0.00146149
303.77	0.00139331	1.7005E-4	-0.00135922
304.23	0.00152927	-0.00112139	0.00499571
304.69	1.0187E-4	4.0789E-4	8.1577E-4
305.14	-0.00210681	0.00166524	0.00594704
305.6	0.00112139	0.00254879	0.00275253
306.06	0.00557324	0.00659276	0.00710251
306.51	0.00445186	8.8355E-4	0.00292258
306.97	-8.1577E-4	0.00101952	0.00183529
307.42	-0.00122326	-7.135E-4	-6.1163E-4
307.88	0.00115548	-3.738E-4	0.00299036
308.34	-8.4946E-4	-0.00278662	0.00231096
308.79	0.0018012	-0.00319451	-7.4759E-4
309.25	-0.00176711	1.7005E-4	3.738E-4
309.7	0.00309264	-4.7567E-4	0.00258288
310.16	0.00316042	0.00489343	0.00530132
310.62	0.00234505	0.0042818	0.0035683
311.07	6.7981E-4	0.00169933	0.00231096
311.53	0.00159705	0.00231096	0.00241283
311.98	-0.00156336	7.8168E-4	6.778E-5
312.44	-6.7981E-4	0.00268475	-0.00159705
312.89	-8.4946E-4	-0.00237873	7.8168E-4
313.35	0.00985504	0.00995732	0.00618487
313.8	7.8168E-4	-0.00278662	0.00118957
314.26	0.00125735	0.00421402	0.00370427
314.72	0.00523354	0.00197085	-0.00159705
315.17	0.00288849	0.00339825	0.00227686
315.63	-0.00190307	-0.0039421	3.397E-4
316.08	3.409E-5	-0.00292258	6.4572E-4
316.54	0.00377204	0.00132553	-5.0976E-4
316.99	0.00234505	0.00152927	9.1764E-4
317.45	1.3596E-4	-0.00261657	6.4572E-4
317.9	-0.01124835	-0.01124835	-0.01257389
318.36	0.00282071	2.7192E-4	0.00210681
318.81	6.4572E-4	0.00207312	0.00197085
319.27	0.00169933	0.0025147	3.738E-4
319.72	0.00203903	8.1577E-4	0
320.17	0.00149518	-3.397E-4	-0.00115548
320.63	-0.00288849	-0.0024806	0.00353421
321.08	0.00112139	0.00285481	0.00326229
321.54	9.5174E-4	-0.00231096	3.409E-5
321.99	0.00139331	0.00384023	1.7005E-4
322.45	0.00122326	-7.135E-4	0.00336456
322.9	0.00265066	0.00101952	0.00183529
323.36	-0.00163114	-0.0014274	0
323.81	0.00234505	-0.00112139	0.00346643
324.26	-0.00244692	0.00183529	0.00203903
324.72	-5.4385E-4	0.00139331	9.8542E-4
325.17	0.00611709	0.00285481	0.00468969
325.63	0.00234505	-0.00285481	0.00377204
326.08	0.00384023	0.00231096	0.00516535
326.54	-2.0374E-4	-0.0021409	2.0374E-4
326.99	0.00302445	0.00220909	0.00261657
327.44	5.0976E-4	-9.1764E-4	0.0014274
327.9	-8.1577E-4	-4.0789E-4	1.0187E-4
328.35	-9.5174E-4	0.00139331	-0.00146149
328.8	0.0018012	0.00129144	-8.4946E-4
329.26	0.00146149	-0.0018012	3.409E-5
329.71	6.4572E-4	5.4385E-4	0.00197085
330.17	6.4572E-4	6.4572E-4	0.00339825
330.62	-7.135E-4	0.00295668	0.00152927
331.07	4.4198E-4	0.00217499	0.00176711
331.53	0.00299036	0.00319451	0.0071707
331.98	0.00224277	0.00101952	-3.0602E-4
332.43	0.00519945	-3.0602E-4	5.0976E-4
332.89	8.1577E-4	0.00203903	5.0976E-4
333.34	-0.00139331	0.0024806	0.00146149
333.79	3.0602E-4	0	0.00112139
334.25	0.00183529	8.1577E-4	0.00101952
334.7	-0.00149518	6.4572E-4	0.00329638
335.15	6.4572E-4	0.00411215	3.397E-4
335.6	0.00200494	0.00333047	0.0018012
336.06	-3.409E-5	0.0018012	0.00302445
336.51	-7.4759E-4	1.7005E-4	0.00434999
336.96	0.00319451	0.00125735	0.00176711
337.42	0.0014274	0.00295668	6.1163E-4
337.87	-2.0374E-4	0.00112139	0.00152927
338.32	-0.00173301	-2.0374E-4	0.00265066
338.77	0.00183529	0.00316042	0.00723848
339.23	-0.00193716	5.0976E-4	2.0374E-4
339.68	6.4572E-4	-1.7005E-4	-0.00363608
340.13	0.00285481	0.00234505	0.0035683
340.58	0.00292258	-0.00156336	0.0025147
341.04	0.00734035	0.00326229	0.00468969
341.49	7.8168E-4	0.00384023	0.00282071
341.94	0.00234505	0.00275253	0.00305855
342.39	0.00598113	0.00404397	0.00363608
342.85	0.00237873	0.00462191	0.00135922
343.3	0.00227686	0.0024806	0.00299036
343.75	4.0789E-4	0.00254879	0.00183529
344.2	0.00326229	-0.00224277	0.00173301
344.65	0.00227686	-2.7192E-4	0.00421402
345.11	0.00339825	6.4572E-4	0.00411215
345.56	0.00234505	0.00346643	0.00458782
346.01	0.00268475	0.00135922	0.00319451
346.46	9.1764E-4	0.0014274	0.00285481
346.91	5.0976E-4	0.0035683	5.0976E-4
347.36	0.00275253	0	0.00458782
347.82	0.0039421	0.00516535	5.7754E-4
348.27	0.00370427	0.00166524	0.00115548
348.72	9.5174E-4	0.00421402	0.00146149
349.17	0.00288849	3.397E-4	0.00472378
349.62	-0.00333047	-5.7754E-4	0.00370427
350.07	0.00373836	0.00720439	0.00190307
350.52	8.4946E-4	-7.8168E-4	-6.7981E-4
350.98	0.0021409	-0.00112139	1.0187E-4
351.43	0.00370427	0.00482565	0.00176711
351.88	0.00105361	0.00227686	0.00135922
352.33	0.00108729	9.8542E-4	0.00363608
352.78	0.00166524	0.00288849	-0.0018012
353.23	-0.00176711	0.00210681	0.00333047
353.68	-3.397E-4	-0.00197085	3.738E-4
354.13	0.00258288	0.00135922	-0.0018012
354.58	0.00129144	0.00139331	0.00292258
355.04	2.0374E-4	0.00346643	0.00397619
355.49	0.01165624	0.00971949	0.00992323
355.94	0.00176711	-0.00149518	-8.8355E-4
356.39	0.0018012	0.00241283	0.00118957
356.84	6.7981E-4	0.0018012	0.00292258
357.29	0.00101952	0.00163114	0.00254879
357.74	0.00159705	8.8355E-4	0.00302445
358.19	7.4759E-4	-2.7192E-4	8.4946E-4
358.64	0.00207312	-4.7567E-4	0.00482565
359.09	0.00411215	3.397E-4	0.00278662
359.54	-9.8542E-4	0.00237873	0.00472378
359.99	-4.7567E-4	-6.7981E-4	0.00513167
360.44	0.00210681	0.00139331	1.7005E-4
360.89	-0.0021409	-0.00163114	-6.1163E-4
361.34	0.00288849	-0.00149518	0.00278662
361.79	-0.00292258	0.00237873	0.00217499
362.24	1.7005E-4	0.00108729	0.00333047
362.69	0.00591295	0.00254879	0.00132553
363.14	-0.00220909	0.00370427	0.00176711
363.59	0.00278662	0.00227686	0.00482565
364.04	9.8542E-4	-2.3783E-4	0.0053695
364.49	0.00176711	0.00350012	0.00197085
364.94	0.00530132	4.0789E-4	0.00183529
365.39	-9.1764E-4	6.1163E-4	0.0035683
365.84	0.00210681	0.00139331	0.00231096
366.29	-3.0602E-4	3.0602E-4	6.1163E-4
366.74	0.00513167	0.00350012	0.00584517
367.19	0.00333047	-0.00176711	0.0018012
367.64	-0.00108729	0.00105361	0.00339825
368.09	1.3596E-4	0.00146149	0.00390801
368.54	-0.00343234	-6.778E-5	0.00166524
368.99	0.00462191	0.0036024	8.4946E-4
369.43	0.00125735	-6.778E-5	0.00441776
369.88	0.00438408	0.00183529	0.0035683
370.33	-0.00309264	-0.00227686	0.00343234
370.78	0.00367017	0.00285481	0.00458782
371.23	3.409E-5	-0.00190307	0.00186898
371.68	0.00217499	0.00431589	0.00451963
372.13	0.00400988	-0.00108729	-0.00108729
372.58	0.00227686	0.00166524	0.00227686
373.03	9.8542E-4	0.00241283	-1.3596E-4
373.47	0.00146149	2.3783E-4	0.00523354
373.92	-0.00112139	-0.00305855	-0.00254879
374.37	0.00282071	0.00108729	0.00434999
374.82	0.00115548	6.4572E-4	9.5174E-4
375.27	-5.4385E-4	-4.4198E-4	-0.00288849
375.72	-0.00367017	0.00468969	0.00163114
376.17	-1.7005E-4	-0.00159705	0.00176711
376.61	0.00129144	0.00261657	0.00424812
377.06	0.00271884	0.00424812	0.00302445
377.51	0.00390801	0.00156336	0.00400988
377.96	0.0035683	-0.00305855	0.0021409
378.41	7.135E-4	0.00224277	0.00489343
378.86	-7.4759E-4	0.00159705	0.0032286
379.3	2.3783E-4	0.00370427	-0.00118957
379.75	0.00176711	-6.7981E-4	7.4759E-4
380.2	-0.00125735	-0.00268475	0.00169933
380.65	0.0024806	0.00237873	0.00451963
381.09	-0.00339825	-9.5174E-4	0.00455373
381.54	-0.00207312	-0.00176711	0.00292258
381.99	0.00101952	-0.00203903	0.00316042
382.44	9.5174E-4	0.00166524	0.0036024
382.89	0.00397619	0.0014274	0.00132553
383.33	0.00390801	0.00615118	0.00523354
383.78	0.00197085	0.00227686	0.00462191
384.23	6.1163E-4	-5.0976E-4	0.0014274
384.68	0.00207312	0.00299036	0.00299036
385.12	3.738E-4	0.00220909	0.00292258
385.57	-5.0976E-4	0.0014274	0.00203903
386.02	-1.7005E-4	-0.00149518	0.00176711
386.47	0.00258288	-2.7192E-4	-2.7192E-4
386.91	0.0025147	0.00445186	0.00384023
387.36	0.00163114	1.0187E-4	0.00468969
387.81	0.00485974	0.00506348	0.00516535
388.25	0.00139331	-0.00207312	0.00343234
388.7	-3.409E-5	7.8168E-4	0.00445186
389.15	7.4759E-4	-0.00159705	3.397E-4
389.59	0.00390801	0.00197085	0.00197085
390.04	0.00309264	-0.00149518	2.3783E-4
390.49	0.00176711	0.00186898	0.00604891
390.93	-9.5174E-4	0.00271884	0.00353421
391.38	1.3596E-4	-7.8168E-4	0.00176711
391.83	0.00166524	0.0036024	0.00319451
392.27	-0.0014274	-1.0187E-4	0.00101952
392.72	-2.7192E-4	0.00237873	0.00207312
393.17	0.00186898	0.00268475	0.00329638
393.61	0.00278662	-0.00129144	0.00727257
394.06	-9.1764E-4	-1.0187E-4	0.00173301
394.51	-0.00149518	4.4198E-4	-2.7192E-4
394.95	0.00309264	5.4385E-4	0.00278662
395.4	9.8542E-4	0.0018012	0.00169933
395.85	5.4385E-4	0.00278662	0.00319451
396.29	4.4198E-4	0.00350012	0.00380614
396.74	0.00139331	3.738E-4	0.0032286
397.18	3.0602E-4	-0.00234505	0.00203903
397.63	8.4946E-4	0.00105361	7.4759E-4
398.08	0.00112139	6.1163E-4	0.00305855
398.52	4.4198E-4	-0.00169933	0.00309264
398.97	0.00275253	-0.00101952	-2.0374E-4
399.41	0.00271884	7.8168E-4	9.8542E-4
399.86	0.00231096	0.00282071	0.00434999
400.3	0.00237873	0.00176711	0.00462191
400.75	3.0602E-4	8.1577E-4	0.00326229
401.19	1.0187E-4	0.00193716	0.00785011
401.64	-9.8542E-4	2.3783E-4	5.4385E-4
402.09	0.00149518	0.00118957	0.00231096
402.53	0.00367017	0.0035683	0.00479156
402.98	0.00231096	0.00282071	0.00302445
403.42	-0.0025147	0.00207312	0.00278662
403.87	0.0024806	0.00268475	0.00319451
404.31	1.0187E-4	-0.00101952	0.00234505
404.76	0.00193716	0.00183529	0.00244692
405.2	0.00434999	0.00190307	0.00139331
405.65	0.00210681	1.7005E-4	0.00557324
406.09	0.00156336	2.3783E-4	0.00584517
406.54	-0.00367017	-0.00265066	-0.00295668
406.98	0.00186898	0.00146149	0.00135922
407.43	-0.00149518	-0.00434999	0.00176711
407.87	6.1163E-4	9.1764E-4	0.00336456
408.32	-0.00305855	-0.00336456	7.135E-4
408.76	0.00122326	0.0021409	0.00367017
409.21	0.00261657	0.00220909	0.00445186
409.65	1.7005E-4	0.00261657	0.00200494
410.09	8.4946E-4	0.00197085	-8.8355E-4
410.54	-0.0021409	5.0976E-4	7.135E-4
410.98	-9.8542E-4	0.00156336	0.00309264
411.43	0.00186898	0.00492752	0.00666094
411.87	0.00220909	0.00261657	0.00475787
412.32	7.8168E-4	-5.4385E-4	0.0025147
412.76	-0.00241283	0.00319451	3.409E-5
413.2	0.00258288	0.00543728	0.00217499
413.65	-0.00200494	-0.00231096	0.00105361
414.09	8.4946E-4	-7.8168E-4	-8.8355E-4
414.54	0.00268475	0.00207312	0.00278662
414.98	-7.8168E-4	0.00390801	0.00207312
415.42	0.00173301	0.00397619	0.00785011
415.87	0.00451963	6.4572E-4	0.00625305
416.31	-5.4385E-4	0.00455373	0.00108729
416.76	0.00513167	0.00441776	0.00645679
417.2	0.0014274	0.00234505	-0.00122326
417.64	2.0374E-4	0.00112139	-4.0789E-4
418.09	-7.135E-4	2.0374E-4	0.0021409
418.53	0.00115548	-9.8542E-4	-8.8355E-4
418.97	-0.00105361	0.00149518	0.00292258
419.42	-0.00336456	2.0374E-4	0.00367017
419.86	0.0032286	0.00118957	0.00516535
420.3	0.00122326	-2.0374E-4	0.00101952
420.75	0.00231096	0.00261657	0.00414584
421.19	0.00285481	0.00377204	0.00795198
421.63	0.00387432	0.00448595	0.00621896
422.08	9.5174E-4	9.5174E-4	0.00329638
422.52	7.4759E-4	-0.00159705	6.4572E-4
422.96	0.00329638	0.00207312	0.00299036
423.4	9.5174E-4	0.00217499	0.00146149
423.85	-0.00203903	-1.0187E-4	0.00193716
424.29	7.135E-4	9.1764E-4	0.00285481
424.73	0.00367017	0.00397619	0.00305855
425.18	-0.00319451	-9.5174E-4	0.00220909
425.62	-0.00265066	-0.00346643	8.1577E-4
426.06	3.409E-5	-3.738E-4	0.0024806
426.5	-6.1163E-4	-0.00132553	-0.00112139
426.95	0.00118957	-0.00237873	-5.4385E-4
427.39	-0.00101952	-0.00234505	0.00326229
427.83	0.00339825	0.00115548	0.00370427
428.27	0.00163114	4.0789E-4	2.0374E-4
428.72	-5.0976E-4	0.00336456	0.00265066
429.16	0.00496161	0.00169933	0.00282071
429.6	-2.3783E-4	0.00271884	0.00434999
430.04	-0.00132553	0.00183529	0.00122326
430.48	-5.7754E-4	0.00309264	0.00421402
430.93	-0.00309264	8.8355E-4	0.00414584
431.37	-0.00210681	-8.8355E-4	3.409E-5
431.81	0.00231096	0.00159705	0.00200494
432.25	-6.778E-5	0.00176711	0.00350012
432.69	0.00132553	0.00519945	0.00132553
433.14	5.4385E-4	0.00299036	-6.778E-5
433.58	-4.0789E-4	0.00224277	0.00448595
434.02	0.00210681	0.00312632	0.00577739
434.46	8.1577E-4	0.00336456	0.00132553
434.9	-1.3596E-4	1.7005E-4	0.00149518
435.34	3.0602E-4	-3.0602E-4	0.00326229
435.79	-2.3783E-4	6.778E-5	0.0032286
436.23	0.00135922	0.00146149	0.00197085
436.67	8.4946E-4	3.397E-4	-8.8355E-4
437.11	-2.3783E-4	0.00210681	0.00404397
437.55	0.00197085	0.00451963	0.00237873
437.99	0.00105361	0.00176711	0.00339825
438.43	9.8542E-4	8.8355E-4	0.0025147
438.87	8.1577E-4	-0.00101952	0.00326229
439.32	0.00288849	0.00115548	0.00258288
439.76	0.00129144	0.00118957	0.00169933
440.2	0.00139331	0.00261657	0.00445186
440.64	0.0014274	0.00163114	0.00407806
441.08	3.409E-5	-0.00231096	0.00227686
441.52	0.00370427	0.00380614	0.00533541
441.96	-8.4946E-4	-0.00135922	0.00343234
442.4	0.00397619	0.00132553	0.00713661
442.84	1.3596E-4	0.00146149	0.00615118
443.28	2.7192E-4	2.7192E-4	0.00343234
443.72	0.00227686	2.3783E-4	0.00472378
444.16	0.00203903	0.00132553	0.00152927
444.6	7.4759E-4	0.0024806	0.00197085
445.04	0.00200494	0.00118957	0.00577739
445.48	-0.00125735	-0.0024806	0.00169933
445.92	2.0374E-4	0.00101952	4.0789E-4
446.36	-0.00115548	-8.4946E-4	0.00169933
446.8	0.0025147	0.0025147	0.00781601
447.24	4.7567E-4	0.00210681	0.00557324
447.68	0.00475787	-0.00176711	0.00149518
448.12	0.00122326	0.0042818	0.00601522
448.56	0.00149518	0.00261657	0.00802016
449	0.00237873	1.3596E-4	0.00237873
449.44	0.0018012	0.00118957	0.00720439
449.88	0.00268475	3.409E-5	4.4198E-4
450.32	0.0018012	0.00108729	0.00129144
450.76	0.00125735	6.4572E-4	0.00186898
451.2	0.00183529	-3.0602E-4	0.00448595
451.64	0.00132553	0.00224277	0.00295668
452.08	0.00482565	0.00227686	6.4572E-4
452.52	-0.00268475	-0.00635492	-0.00217499
452.96	-9.8542E-4	-4.7567E-4	0.00135922
453.4	0.00231096	6.778E-5	7.8168E-4
453.84	0.00299036	0.0036024	0.0036024
454.28	-0.00169933	0.00227686	0.00533541
454.72	6.1163E-4	-0.0014274	0.00458782
455.16	0.00282071	0.00190307	3.738E-4
455.6	0.00285481	0.00275253	0.00468969
456.04	0.00186898	0.00156336	0.00217499
456.47	-3.0602E-4	0.00173301	6.1163E-4
456.91	0.00231096	-0.00135922	0.00149518
457.35	-5.4385E-4	-0.00105361	-0.00135922
457.79	0.00353421	4.7567E-4	0.00261657
458.23	0.00224277	0.00173301	0.00122326
458.67	0.00489343	0.00305855	4.0789E-4
459.11	0.00438408	0.00234505	0.00458782
459.55	0.00499571	0.00244692	0.00193716
459.98	0.00105361	3.397E-4	0.00115548
460.42	0.00210681	6.778E-5	0.00118957
460.86	0.00125735	-6.778E-5	0.00655867
461.3	-0.00203903	0	0.00254879
461.74	1.7005E-4	-0.00217499	0.00353421
462.18	-3.738E-4	0.0036024	0.00115548
462.61	0.00312632	6.778E-5	0.00118957
463.05	-4.7567E-4	-1.7005E-4	0.00339825
463.49	0.00166524	-0.00220909	0.00421402
463.93	0.00166524	0.00268475	0.00309264
464.37	0.00224277	0.00448595	0.00591295
464.8	0.00159705	-0.00135922	0.00261657
465.24	0.00237873	0.00156336	0.00186898
465.68	-0.00159705	0.00502939	0.00329638
466.12	0.00183529	0.00275253	0.00295668
466.56	1.3596E-4	-1.7005E-4	0.0036024
466.99	0.00166524	0.00207312	0.00502939
467.43	0.00200494	0.00302445	0.00832577
467.87	0.00448595	0.00458782	0.00835986
468.31	-0.00353421	-3.738E-4	0.00380614
468.74	0.00445186	0.00384023	0.0082239
469.18	-7.8168E-4	-9.8542E-4	0.0057433
469.62	-9.8542E-4	0.00156336	0.00462191
470.06	0.00200494	7.8168E-4	0.00210681
470.49	6.1163E-4	-0.00265066	0.00244692
470.93	7.135E-4	0.00244692	-5.0976E-4
471.37	-3.409E-5	0.00149518	0.00424812
471.8	-0.00210681	1.3596E-4	0.0085977
472.24	0.00156336	0.00339825	0.00625305
472.68	-0.00125735	0.0032286	0.00190307
473.12	-2.0374E-4	5.0976E-4	0.00346643
473.55	0.00343234	-6.4572E-4	0.00210681
473.99	0.0014274	0.00254879	0.00489343
474.43	-0.00115548	7.8168E-4	0.00485974
474.86	3.738E-4	1.7005E-4	0.00618487
475.3	0.00519945	0.00489343	0.00438408
475.74	-0.00112139	0.00234505	0.00999101
476.17	-7.4759E-4	0.00384023	0.00445186
476.61	-6.1163E-4	0.0021409	0.00438408
477.05	-9.1764E-4	-0.00305855	0.00326229
477.48	-8.8355E-4	0.00278662	0.00319451
477.92	3.409E-5	-0.00108729	0.00543728
478.35	0.00169933	-3.397E-4	0.00526763
478.79	-2.3783E-4	0.00149518	0.00363608
479.23	0.00105361	2.3783E-4	0.00258288
479.66	0.00135922	0.00400988	0.00625305
480.1	0.00295668	0.00316042	0.00519945
480.54	0.00237873	0.00462191	0.00431589
480.97	-4.7567E-4	0.00533541	0.00513167
481.41	-6.7981E-4	0.00237873	0.00451963
481.84	-5.7754E-4	3.397E-4	0.00288849
482.28	-6.1163E-4	0.00152927	0.00438408
482.71	4.0789E-4	0.00152927	0.00234505
483.15	-5.0976E-4	5.0976E-4	0.00509758
483.59	0.0021409	0.00468969	0.00407806
484.02	0.00176711	-0.00108729	0.00676281
484.46	-6.1163E-4	-8.1577E-4	0.00509758
484.89	0.00125735	-5.7754E-4	0.00268475
485.33	0.00166524	-0.00149518	0.00492752
485.76	0.00234505	-6.1163E-4	0.00560733
486.2	-1.0187E-4	0.00540319	0.00468969
486.63	0.00373836	0.00302445	0.00414584
487.07	0.00129144	0.00261657	0.00363608
487.5	9.8542E-4	0.0032286	0.00547137
487.94	-0.0021409	0.00244692	0.00438408
488.37	0.00193716	0.00285481	0.00540319
488.81	0.00407806	0.00397619	0.00550546
489.24	2.7192E-4	0.00455373	0.00587926
489.68	0.00305855	0.0035683	0.00672872
490.11	0.00112139	1.0187E-4	0.00560733
490.55	0.0025147	0.0032286	0.00526763
490.98	0.00282071	0.00200494	0.00761227
491.42	-5.0976E-4	0.00448595	2.0374E-4
491.85	-1.3596E-4	-9.5174E-4	0.00169933
492.29	0.00367017	0.00316042	0.01121467
492.72	0.00163114	0.00112139	0.00560733
493.16	9.8542E-4	0.00200494	0.00424812
493.59	-0.00210681	-0.0018012	0.00299036
494.03	-3.738E-4	0.00125735	0.0078842
494.46	-0.00169933	0.00146149	0.0057433
494.89	0.00241283	-0.00156336	0.0039421
495.33	-0.01152028	-0.00795198	-0.00785011
495.76	-2.7192E-4	5.4385E-4	0.00390801
496.2	4.4198E-4	-0.00343234	0.00125735
496.63	-0.00146149	0.0032286	0.00761227
497.06	-0.00176711	-5.4385E-4	0.0046556
497.5	0.00261657	0.0032286	0.00424812
497.93	-7.8168E-4	0.00431589	0.0078842
498.37	-0.00207312	0.00659276	0.00669463
498.8	-7.8168E-4	0.00339825	0.00747631
499.23	0.00451963	-0.0018012	0.00635492
499.67	0.00159705	0.00169933	0.00791829
500.1	-0.00448595	-0.00173301	0.00285481
500.53	0.00404397	0.00373836	0.00659276
500.97	8.1577E-4	0.00152927	0.00560733
501.4	-0.00305855	-0.00193716	0.00479156
501.83	0.00234505	0.00346643	0.00632083
502.27	0.00220909	0.00343234	0.0089378
502.7	0.00404397	0.0018012	0.0075104
503.13	-3.397E-4	0.00434999	0.00863179
503.57	8.4946E-4	0.00217499	0.01165624
504	0.00105361	0.00339825	0.00747631
504.43	0.00309264	0.00309264	0.01135063
504.87	7.4759E-4	0.00288849	0.01063673
505.3	0.00468969	0.00540319	0.00835986
505.73	8.1577E-4	0.00295668	0.00866588
506.17	0.00122326	0.00173301	0.00825799
506.6	0.00373836	0.00455373	0.01413725
507.03	0.00183529	0.00591295	0.01162256
507.46	-6.778E-5	0.00400988	0.01196226
507.9	0.0024806	0.00543728	0.00747631
508.33	0.00129144	0.00261657	0.01260798
508.76	0.00190307	0.00108729	0.0089378
509.19	0.00231096	0.00149518	0.01169033
509.63	0.00417993	0.00886962	0.01284581
510.06	0.00224277	0.00112139	0.01050076
510.49	0.00159705	0.00384023	0.01311774
510.92	-7.4759E-4	0.00149518	0.00995732
511.36	-6.778E-5	0.00421402	0.01237015
511.79	0.00411215	0.00502939	0.01053486
512.22	3.738E-4	0.00516535	0.01474888
512.65	-3.738E-4	0.00564143	0.01277763
513.08	0.00156336	0.00676281	0.01542869
513.52	0.00414584	0.00689877	0.01301587
513.95	9.8542E-4	3.738E-4	0.00903968
514.38	-0.00207312	0.00424812	0.00883553
514.81	-5.7754E-4	0.00329638	0.00992323
515.24	4.4198E-4	0.00482565	0.00920973
515.67	-0.00183529	0.00448595	0.00774823
516.11	7.4759E-4	0.00513167	0.01033112
516.54	-0.00122326	0.0021409	0.01029702
516.97	3.397E-4	0.00268475	0.01308364
517.4	0.00200494	0.0053695	0.01087456
517.83	0.00421402	0.00594704	0.0143069
518.26	0.00183529	0.0042818	0.01009328
518.69	0.00166524	0.0078842	0.01237015
519.13	-0.00125735	0.0039421	0.0117922
519.56	2.0374E-4	0.00152927	0.01080678
519.99	-0.00112139	0.00438408	0.01570021
520.42	0.00275253	0.00275253	0.01355931
520.85	0.00135922	3.409E-5	0.01022924
521.28	0.00292258	0.00526763	0.01270985
521.71	7.8168E-4	0.00312632	0.01077269
522.14	6.4572E-4	-0.00129144	0.00951534
522.57	0.00166524	0.00553915	0.01318551
523	0.0021409	0.00581107	0.00846173
523.43	0.00149518	0.0032286	0.01107871
523.87	2.3783E-4	0.00135922	0.00768046
524.3	0.00343234	0.00210681	0.0089378
524.73	4.7567E-4	-0.00146149	0.00485974
525.16	3.0602E-4	0.00234505	0.0042818
525.59	0.00302445	0.00373836	0.00434999
526.02	-0.01553056	-0.2279956	-0.03051727
526.45	0.00163114	-0.00173301	0.0021409
526.88	0.00112139	-7.135E-4	0.00285481
527.31	0.00156336	0.00176711	0.00197085
527.74	0.00407806	9.1764E-4	0.00285481
528.17	0.0053695	0.00577739	0.00598113
528.6	0.00329638	0.00309264	0.00502939
529.03	0.00203903	0.00193716	0.00173301
529.46	0.00598113	9.8542E-4	0.00271884
529.89	0.00353421	3.738E-4	8.8355E-4
530.32	0.00156336	0.00380614	0.00105361
530.75	0.00411215	5.4385E-4	0.00400988
531.18	6.1163E-4	0.00397619	0.00632083
531.61	-4.4198E-4	0.00506348	0.00363608
532.04	-0.00261657	0.00400988	1.3596E-4
532.47	6.778E-5	-8.4946E-4	0.00210681
532.9	0.00166524	0.0024806	-0.00312632
533.32	0.00421402	0.00105361	0.00258288
533.75	0.00312632	0.00261657	0.00149518
534.18	-0.00319451	2.7192E-4	9.8542E-4
534.61	-0.00122326	0.00275253	0.00632083
535.04	-4.0789E-4	0.00285481	0.00621896
535.47	0.00200494	-0.00135922	1.7005E-4
535.9	-7.135E-4	8.1577E-4	0.00438408
536.33	0.00197085	0.00125735	0.00380614
536.76	0.00173301	0.00397619	0.00407806
537.19	0	0.00305855	0.00621896
537.62	0.0024806	0.00472378	0.00197085
538.04	4.4198E-4	-0.00241283	0.00400988
538.47	0.00244692	0.00122326	0.00621896
538.9	0.00258288	0.00329638	0.00645679
539.33	9.8542E-4	0.00659276	0.01311774
539.76	6.778E-5	0.00832577	0.01678791
540.19	0.00132553	0.00703474	0.02161356
540.62	0.00353421	0.01087456	0.0257594
541.04	0.00166524	0.0085977	0.02929402
541.47	0.00122326	0.01019515	0.02609951
541.9	-0.0014274	0.00835986	0.0336436
542.33	-6.778E-5	0.01400129	0.03347395
542.76	0.00370427	0.0157343	0.03663437
543.19	0.00115548	0.01298177	0.03989665
543.61	0.00309264	0.01267576	0.03428932
544.04	0.00693246	0.01773924	0.04220761
544.47	0.00244692	0.01457882	0.04353273
544.9	0.00343234	0.0171958	0.04614971
545.33	0.00193716	0.01620997	0.04353273
545.75	0.00373836	0.0193367	0.05196078
546.18	0.00231096	0.0179093	0.04767898
546.61	0.00234505	0.01671973	0.05362602
547.04	0.00526763	0.01862279	0.05043151
547.46	0.00625305	0.01705983	0.05498523
547.89	0.00176711	0.02154538	0.05784004
548.32	0.00288849	0.0254197	0.06171395
548.75	0.00244692	0.01845315	0.06300539
549.17	0.00441776	0.02185139	0.06630177
549.6	0.00676281	0.02358441	0.07088959
550.03	0.00186898	0.01930261	0.07333651
550.46	0.00696655	0.02338067	0.06905471
550.88	0.00560733	0.02762878	0.0805409
551.31	0.00367017	0.02569162	0.07727861
551.74	0.00316042	0.03109481	0.08574034
552.16	0.00540319	0.02803626	0.09216345
552.59	0.00543728	0.03316793	0.09189153
553.02	0.0071707	0.03245443	0.09617333
553.44	0.00615118	0.03551298	0.09800862
553.87	0.00903968	0.03952286	0.10681046
554.3	0.00734035	0.0386393	0.10837342
554.72	0.00628715	0.03748383	0.11251966
555.15	0.0078842	0.03948877	0.11778689
555.58	0.00730666	0.03789171	0.12189904
556	0.00339825	0.04183381	0.12237471
556.43	0.00397619	0.04740705	0.12774421
556.86	0.00448595	0.04659128	0.13426919
557.28	0.00954943	0.04757711	0.13545835
557.71	0.0096513	0.05165517	0.14259496
558.14	0.00441776	0.04897042	0.14837235
558.56	0.00604891	0.05325222	0.15683408
558.99	0.00883553	0.05552908	0.15054693
559.41	0.00839395	0.05447548	0.15489692
559.84	0.00662685	0.05678643	0.1689323
560.27	0.00795198	0.05719432	0.1725006
560.69	0.01376346	0.05953937	0.17617078
561.12	0.00944756	0.06113642	0.18184589
561.54	0.0096513	0.06490846	0.19030803
561.97	0.01284581	0.06912249	0.19411417
562.39	0.00924342	0.06898652	0.20080879
562.82	0.01005919	0.07102555	0.21620339
563.25	0.01209822	0.07173946	0.22140284
563.67	0.00975317	0.07388036	0.22384976
564.1	0.01638002	0.08183234	0.24179315
564.52	0.01128245	0.07907981	0.24546332
564.95	0.01016106	0.08203648	0.24271038
565.37	0.0114525	0.08026897	0.25175006
565.8	0.00791829	0.08743967	0.2591245
566.22	0.01090865	0.09399833	0.27220814
566.65	0.01417094	0.09389646	0.27332953
567.07	0.01131654	0.09797453	0.29535098
567.5	0.01665195	0.10086302	0.29487531
567.92	0.01566652	0.10395565	0.30520643
568.35	0.01427321	0.10990269	0.32277561
568.77	0.01648189	0.11384479	0.34975868
569.2	0.01491893	0.12227284	0.37144002
569.62	0.0200502	0.13372534	0.38911148
570.05	0.02168134	0.13984243	0.41113293
570.47	0.01947266	0.14844013	0.44409712
570.9	0.02039031	0.1632231	0.50302445
571.32	0.02484216	0.17583108	0.54998993
571.74	0.02331289	0.1932643	0.59668308
572.17	0.03085698	0.22741806	0.65744571
572.59	0.03384774	0.24763831	0.72252423
573.02	0.03605642	0.2730917	0.80078826
573.44	0.04071243	0.31026991	0.87925644
573.87	0.03765388	0.33555365	0.96275401
574.29	0.04485827	0.36335208	0.99656766
574.71	0.04462043	0.34710802	1.02212332
575.14	0.04604784	0.3389519	1
575.56	0.04037232	0.33154336	0.95385029
575.99	0.03738196	0.31254678	0.90773468
576.41	0.03282823	0.29647236	0.87228988
576.83	0.03245443	0.27703379	0.81828967
577.26	0.03622648	0.26989719	0.76884399
577.68	0.0343575	0.25579403	0.74067135
578.1	0.03374547	0.23876829	0.70376547
578.53	0.03085698	0.22731579	0.66794647
578.95	0.03038131	0.21929603	0.65982444
579.37	0.0275606	0.21902411	0.64793037
579.8	0.03044909	0.22374748	0.65846522
580.22	0.02229337	0.2176308	0.6578536
580.64	0.02728867	0.23078222	0.66009637
581.07	0.02776475	0.22616071	0.66199944
581.49	0.02854602	0.22480109	0.67328188
581.91	0.03102703	0.22697608	0.67515126
582.34	0.02769656	0.22853945	0.67416543
582.76	0.03391552	0.24026387	0.69771616
583.18	0.03180871	0.24111333	0.7058045
583.61	0.03048318	0.24345798	0.71946568
584.03	0.03286192	0.2462446	0.72602434
584.45	0.03415336	0.25610005	0.74179274
584.87	0.03208064	0.26045003	0.76174107
585.3	0.0329301	0.25803721	0.75545433
585.72	0.03693998	0.2637805	0.77842711
586.14	0.03177462	0.26065377	0.77805331
586.56	0.03350764	0.26728062	0.78396666
586.99	0.03469721	0.264494	0.76690683
587.41	0.0354107	0.26643116	0.77353368
587.83	0.03269227	0.25667758	0.77662591
588.25	0.03517287	0.26425617	0.77961668
588.68	0.03180871	0.2670087	0.76595509
589.1	0.02351663	0.26238679	0.73401082
589.52	0.03106112	0.25239578	0.77366964
589.94	0.03010939	0.25949829	0.75538614
590.36	0.02796849	0.2630666	0.76293064
590.79	0.03377956	0.24736639	0.73948219
591.21	0.02888613	0.25827504	0.75263361
591.63	0.03167275	0.24740007	0.72779186
592.05	0.03588678	0.26007624	0.76371232
592.47	0.03700816	0.24794392	0.72731579
592.89	0.02902209	0.25321155	0.72177664
593.32	0.03129896	0.24692441	0.74678845
593.74	0.03075511	0.25280367	0.7301365
594.16	0.03177462	0.26085751	0.77387338
594.58	0.0325563	0.26347449	0.73805479
595	0.0364984	0.27261603	0.78073806
595.42	0.03517287	0.2748588	0.78318498
595.84	0.03442528	0.27105267	0.77356736
596.27	0.03065324	0.27931066	0.78172348
596.69	0.03442528	0.28002456	0.81903766
597.11	0.04030454	0.28518992	0.82471277
597.53	0.03479908	0.27754355	0.79371983
597.95	0.0347313	0.28338872	0.7988511
598.37	0.0354107	0.2841704	0.83246101
598.79	0.03870708	0.2927681	0.84309774
599.21	0.03731377	0.29881741	0.85689528
599.63	0.03598865	0.29667651	0.86872158
600.05	0.04016858	0.3131925	0.88697058
600.47	0.04091617	0.30435656	0.87782903
600.89	0.04142593	0.30425469	0.88364011
601.31	0.03799358	0.3095901	0.87429482
601.74	0.04156189	0.31305653	0.88856763
602.16	0.04322712	0.3020797	0.88646082
602.58	0.04428073	0.30976015	0.90464204
603	0.04016858	0.3049345	0.88686871
603.42	0.03959064	0.31750839	0.91738598
603.84	0.0372119	0.32226586	0.91867742
604.26	0.04353273	0.31696454	0.8783047
604.68	0.04234357	0.31475545	0.92217754
605.1	0.04373688	0.33042198	0.91174456
605.52	0.04383875	0.3267518	0.95068988
605.94	0.04506201	0.3274653	0.91684213
606.36	0.04169785	0.31788218	0.94946622
606.78	0.04513019	0.33446595	0.95198132
607.2	0.04122218	0.32953843	0.95765643
607.62	0.04193568	0.32637801	0.95215097
608.03	0.03768757	0.32325169	0.92527018
608.45	0.04268327	0.31998899	0.90905981
608.87	0.04530025	0.32454272	0.94797103
609.29	0.04095026	0.32294567	0.91038534
609.71	0.04220761	0.32614018	0.93366413
610.13	0.04037232	0.32450903	0.92989168
610.55	0.04064424	0.33609709	0.95320457
610.97	0.04156189	0.32447494	0.91966285
611.39	0.03707594	0.31733833	0.93240679
611.81	0.04108622	0.31553714	0.87708144
612.23	0.04373688	0.32634392	0.94141237
612.65	0.04693139	0.32331946	0.93583913
613.07	0.0404405	0.32263965	0.91222022
613.48	0.04122218	0.32270784	0.92075014
613.9	0.04468821	0.31893579	0.93288245
614.32	0.0364984	0.32848482	0.91449709
614.74	0.04332899	0.33032011	0.94263563
615.16	0.0429552	0.31842603	0.89903471
615.58	0.04064424	0.32661584	0.9180317
616	0.03772166	0.31798405	0.90430234
616.41	0.04373688	0.31716828	0.90256892
616.83	0.0447564	0.3231835	0.92397874
617.25	0.03728009	0.32182428	0.92639157
617.67	0.03911497	0.31927549	0.93108125
618.09	0.04101804	0.32617427	0.91636647
618.51	0.03792581	0.32715969	0.91735189
618.92	0.04506201	0.3267518	0.94283937
619.34	0.03802768	0.32981035	0.91572075
619.76	0.04285333	0.32015905	0.91198239
620.18	0.03925093	0.32430489	0.92000255
620.6	0.03673624	0.32199393	0.90403041
621.01	0.03911497	0.31009986	0.8933596
621.43	0.03731377	0.31716828	0.89716573
621.85	0.04173194	0.31659074	0.89087859
622.27	0.03877527	0.31200293	0.86651249
622.68	0.03772166	0.30309921	0.89533044
623.1	0.03942099	0.30153585	0.85798258
623.52	0.0390131	0.3081627	0.87674174
623.94	0.03670214	0.30299734	0.85883204
624.35	0.0365325	0.29997289	0.8471417
624.77	0.03731377	0.30309921	0.86250262
625.19	0.03782353	0.29106918	0.82865487
625.61	0.03993074	0.29032159	0.83259697
626.02	0.03884304	0.29637049	0.81958111
626.44	0.03775575	0.28916611	0.85346294
626.86	0.03636244	0.29796795	0.84289399
627.27	0.03391552	0.28369474	0.80812861
627.69	0.03938689	0.29018562	0.82287748
628.11	0.03660027	0.29015153	0.83986954
628.52	0.03819732	0.28461238	0.79762784
628.94	0.03612461	0.2959967	0.82573229
629.36	0.03673624	0.28111186	0.8035071
629.77	0.03819732	0.28247107	0.80608957
630.19	0.0375857	0.28328685	0.8156731
630.61	0.0354448	0.293482	0.82036279
631.02	0.03993074	0.28603938	0.80537608
631.44	0.03955695	0.27914101	0.79399176
631.86	0.03948877	0.29008375	0.81043956
632.27	0.04078021	0.28760274	0.81988712
632.69	0.04176563	0.2884863	0.82270784
633.11	0.03806177	0.28977774	0.81084745
633.52	0.03748383	0.2802283	0.80007476
633.94	0.03534293	0.28318498	0.81088154
634.35	0.04006671	0.28434046	0.81111937
634.77	0.03765388	0.28070397	0.78311679
635.19	0.03891123	0.28206359	0.8002785
635.6	0.04173194	0.2784612	0.78821437
636.02	0.04305707	0.28019421	0.78648136
636.43	0.03809545	0.28114595	0.78355877
636.85	0.03799358	0.28002456	0.78733082
637.26	0.03632835	0.28294715	0.77547043
637.68	0.03799358	0.27360145	0.78580155
638.09	0.03602274	0.28386438	0.77251416
638.51	0.04003261	0.2773739	0.76102757
638.93	0.03656618	0.28155384	0.7741794
639.34	0.03965882	0.27424717	0.76503744
639.76	0.03955695	0.26344039	0.75198789
640.17	0.03660027	0.26925147	0.76860575
640.59	0.04125587	0.26228492	0.74512321
641	0.03612461	0.25970244	0.72704386
641.42	0.0329301	0.26874171	0.759838
641.83	0.03279414	0.25402692	0.7301365
642.25	0.03534293	0.25219204	0.73452058
642.66	0.03959064	0.27244598	0.72734988
643.08	0.03551298	0.26357636	0.73703527
643.49	0.03551298	0.26439213	0.75885257
643.91	0.0382996	0.26758664	0.74379808
644.32	0.03945508	0.26272689	0.73098596
644.73	0.0329301	0.25742558	0.72813156
645.15	0.03789171	0.25994027	0.7197376
645.56	0.03371178	0.25688173	0.71678093
645.98	0.03704225	0.25847878	0.72337369
646.39	0.03534293	0.26585322	0.72269428
646.81	0.03605642	0.25005114	0.69414785
647.22	0.03677033	0.26299882	0.71841207
647.63	0.03333799	0.25324524	0.71661087
648.05	0.03622648	0.25134217	0.7040033
648.46	0.03646431	0.25810498	0.71453816
648.88	0.03738196	0.25107065	0.69924543
649.29	0.03938689	0.25562438	0.70767348
649.7	0.03462943	0.25677986	0.71453816
650.12	0.03354173	0.24794392	0.69856562
650.53	0.03942099	0.24648283	0.71372238
650.95	0.03619239	0.24152122	0.68296728
651.36	0.03585268	0.24689032	0.67844764
651.77	0.03180871	0.24763831	0.68388492
652.19	0.03262408	0.23866642	0.67521904
652.6	0.03483317	0.24138526	0.68741913
653.01	0.035071	0.24070545	0.66492202
653.43	0.03894532	0.23948219	0.66369876
653.84	0.03411967	0.23322914	0.65377553
654.25	0.03568263	0.2419287	0.66859219
654.67	0.0293277	0.24454567	0.67396169
655.08	0.03225029	0.23961815	0.66832027
655.49	0.03632835	0.23237968	0.64701272
655.91	0.03612461	0.23533594	0.66077618
656.32	0.03439119	0.24186092	0.65037729
656.73	0.03666805	0.23791883	0.64755657
657.14	0.03728009	0.22966083	0.63624003
657.56	0.03143492	0.23339919	0.64793037
657.97	0.03524106	0.22537903	0.62594301
658.38	0.03367769	0.23360293	0.6310065
658.79	0.03174053	0.22636445	0.60388747
659.21	0.03225029	0.22748584	0.62672469
659.62	0.02959963	0.22819934	0.61816068
660.03	0.03044909	0.22099495	0.60799962
660.44	0.03337167	0.21698508	0.60898505
660.86	0.03493504	0.22435952	0.6195199
661.27	0.02817223	0.21932972	0.60062518
661.68	0.03187649	0.21987357	0.60422758
662.09	0.03140083	0.21756261	0.59355676
662.5	0.03051727	0.2140284	0.59420248
662.92	0.0343575	0.21409618	0.59355676
663.33	0.03228438	0.2143681	0.5450961
663.74	0.03177462	0.20855703	0.57506952
664.15	0.03252221	0.20920275	0.57235109
664.56	0.02783252	0.2158296	0.57204507
664.98	0.03167275	0.20427523	0.57894384
665.39	0.02885204	0.20247403	0.54951386
665.8	0.03296419	0.21147961	0.56698159
666.21	0.02643921	0.20352764	0.53354173
666.62	0.028988	0.19802217	0.54638754
667.03	0.03160457	0.20094476	0.55746624
667.45	0.02949776	0.20607642	0.53823142
667.86	0.02851234	0.20631426	0.53795949
668.27	0.02813854	0.19941548	0.54247953
668.68	0.0347313	0.19530333	0.53510509
669.09	0.03010939	0.20097885	0.53853743
669.5	0.0275606	0.19088557	0.53272595
669.91	0.03055137	0.19754651	0.51899659
670.32	0.02919174	0.19679892	0.53527474
670.73	0.03058505	0.19380815	0.5236185
671.14	0.02691488	0.19533742	0.53666805
671.56	0.0250459	0.19438609	0.52786662
671.97	0.03089107	0.19594905	0.52096784
672.38	0.02752651	0.18493853	0.50628674
672.79	0.02878426	0.1868075	0.51080678
673.2	0.03174053	0.19159906	0.50601522
673.61	0.0250459	0.17980686	0.49401887
674.02	0.03231847	0.19472579	0.50343234
674.43	0.02378855	0.19159906	0.50050976
674.84	0.03089107	0.18045258	0.47621145
675.25	0.02467211	0.17984095	0.49711151
675.66	0.03010939	0.1782439	0.47828457
676.07	0.02528374	0.17820981	0.48773172
676.48	0.02555566	0.18041849	0.48188656
676.89	0.02494403	0.17848173	0.48311022
677.3	0.02854602	0.17402988	0.46989061
677.71	0.02759469	0.17409766	0.45925348
678.12	0.02225928	0.17885553	0.46737592
678.53	0.02633734	0.17375795	0.46146257
678.94	0.02701675	0.16883043	0.4667302
679.35	0.02538561	0.16974767	0.45735041
679.76	0.02633734	0.16896639	0.45667101
680.17	0.02300687	0.1728744	0.4574186
680.58	0.02711903	0.17504939	0.4577583
680.99	0.02341476	0.1757288	0.4427375
681.4	0.02603133	0.16631533	0.43872762
681.81	0.02643921	0.16621346	0.43179516
682.22	0.02402639	0.16237323	0.43519341
682.62	0.02443427	0.15758167	0.43713057
683.03	0.02494403	0.16553405	0.43366413
683.44	0.02467211	0.16434448	0.43125131
683.85	0.02732277	0.16240732	0.43227082
684.26	0.02477398	0.1610822	0.42533796
684.67	0.02208923	0.15900907	0.42418248
685.08	0.0261332	0.16774273	0.41762382
685.49	0.0271868	0.15554264	0.40868601
685.9	0.02473989	0.14901766	0.41072504
686.3	0.02589536	0.15649438	0.40464204
686.71	0.02507999	0.15700413	0.39760771
687.12	0.02572571	0.14867796	0.39356334
687.53	0.02885204	0.14905175	0.39251013
687.94	0.02477398	0.14650297	0.3876163
688.35	0.02440018	0.15245	0.39947669
688.76	0.01862279	0.15228035	0.38839798
689.16	0.02073001	0.14561941	0.37918825
689.57	0.02423013	0.14259496	0.37993625
689.98	0.02766247	0.15418342	0.37653759
690.39	0.01818122	0.14480404	0.36654659
690.8	0.02079779	0.14171141	0.36906128
691.2	0.01889472	0.13460889	0.35981787
691.61	0.01858911	0.13624003	0.36195877
692.02	0.02446796	0.1435467	0.36406558
692.43	0.02368668	0.13878882	0.3751106
692.84	0.02157947	0.14361447	0.35597764
693.24	0.02178362	0.136376	0.34904518
693.65	0.02426422	0.1338613	0.35009838
694.06	0.02409417	0.13073457	0.34625856
694.47	0.02144351	0.13114246	0.34901109
694.87	0.01937079	0.13437106	0.33725257
695.28	0.01756959	0.1284918	0.32719378
695.69	0.0211379	0.12930757	0.33229095
696.09	0.0196764	0.130293	0.32858709
696.5	0.01620997	0.13345341	0.33511167
696.91	0.02008429	0.12733632	0.33256288
697.32	0.0232788	0.12788017	0.33188347
697.72	0.01879285	0.12747228	0.31913953
698.13	0.02409417	0.11982592	0.32209621
698.54	0.02083188	0.12390398	0.32158645
698.94	0.01991423	0.12145706	0.31628473
699.35	0.02164765	0.12838993	0.3092504
699.76	0.0196764	0.12254476	0.30911443
700.16	0.01984646	0.11853448	0.30714318
700.57	0.01835127	0.12315639	0.30656565
700.98	0.0232447	0.11887459	0.30595402
701.38	0.01865689	0.11449051	0.29789977
701.79	0.02344845	0.12142338	0.29626862
702.2	0.02008429	0.1248894	0.29280219
702.6	0.0179093	0.11394666	0.28919979
703.01	0.0171958	0.11231552	0.27982042
703.42	0.01977827	0.11112635	0.28087402
703.82	0.01685569	0.11503436	0.28743269
704.23	0.01447695	0.11255335	0.28352468
704.63	0.01994833	0.11241739	0.28736491
705.04	0.01716171	0.10861125	0.27203849
705.45	0.01576839	0.10895136	0.26789225
705.85	0.02022025	0.10596059	0.26602327
706.26	0.02045808	0.11190763	0.26768851
706.66	0.01746772	0.10596059	0.26928556
707.07	0.01760328	0.10028548	0.26779038
707.47	0.01665195	0.10585872	0.27407712
707.88	0.01743363	0.10205259	0.2558963
708.29	0.02025434	0.09936784	0.26350858
708.69	0.01746772	0.10249457	0.26225123
709.1	0.01739954	0.10181475	0.25953239
709.5	0.01247202	0.09658121	0.25225982
709.91	0.01566652	0.09243538	0.2619793
710.31	0.01695796	0.09403243	0.25297372
710.72	0.02093375	0.10035326	0.2483859
711.12	0.01580249	0.09185743	0.24315236
711.53	0.01971049	0.09862025	0.2505268
711.93	0.01794339	0.09297882	0.24019569
712.34	0.01736545	0.09566357	0.2379866
712.74	0.01858911	0.09576544	0.23808888
713.15	0.01604032	0.09321706	0.22636445
713.55	0.01838496	0.09046412	0.23676335
713.96	0.01634593	0.0962752	0.229423
714.36	0.0161081	0.0919593	0.23142794
714.76	0.01039889	0.08584262	0.22143693
715.17	0.01138432	0.09029447	0.22517488
715.57	0.00944756	0.08509462	0.22568464
715.98	0.01702574	0.08757563	0.22388344
716.38	0.01223418	0.09073605	0.21328081
716.79	0.01253979	0.08247806	0.2208249
717.19	0.01406907	0.08859515	0.21307666
717.6	0.0135934	0.08139076	0.20750342
718	0.01321961	0.08274998	0.20774125
718.4	0.01328738	0.08720184	0.20638204
718.81	0.01478297	0.0819683	0.20063874
719.21	0.01308364	0.08975062	0.20882895
719.61	0.01152028	0.08390546	0.20818323
720.02	0.01067082	0.07785614	0.20784353
720.42	0.01335557	0.07921577	0.2018624
720.83	0.01366159	0.08084691	0.20196427
721.23	0.0150208	0.07965734	0.19384224
721.63	0.0128799	0.07986149	0.19465761
722.04	0.01434099	0.08213835	0.19734236
722.44	0.01338966	0.07670067	0.19017207
722.84	0.01760328	0.07989517	0.19428381
723.25	0.01542869	0.0744579	0.18313733
723.65	0.01349153	0.07639506	0.18395311
724.05	0.01631224	0.06953037	0.18402088
724.46	0.01440918	0.07619131	0.18803117
724.86	0.00982136	0.07180724	0.18283131
725.26	0.01444286	0.0719432	0.18215191
725.66	0.01349153	0.07058398	0.1825257
726.07	0.01260798	0.06898652	0.17950125
726.47	0.01094274	0.07119561	0.17385982
726.87	0.01318551	0.06946219	0.17375795
727.28	0.01186039	0.07058398	0.17151478
727.68	0.01471479	0.07078772	0.17814162
728.08	0.0132537	0.06851086	0.16944206
728.48	0.00944756	0.06806888	0.16655357
728.89	0.01634593	0.06895243	0.17243242
729.29	0.01379714	0.06701568	0.16967989
729.69	0.01253979	0.0672876	0.1675049
730.09	0.01311774	0.06684562	0.16849032
730.5	0.00747631	0.06507852	0.16162564
730.9	0.0139331	0.06796701	0.15911094
731.3	0.00795198	0.06147612	0.15761576
731.7	0.01525864	0.06562237	0.15900907
732.1	0.010739	0.06212184	0.1538774
732.51	0.01206413	0.05814565	0.14725056
732.91	0.01067082	0.06093268	0.15503288
733.31	0.01311774	0.06501033	0.15482914
733.71	0.01481666	0.06100046	0.14643519
734.11	0.01131654	0.05841758	0.14772663
734.51	0.01118058	0.05909739	0.1442261
734.92	0.00869997	0.05488336	0.14633332
735.32	0.01172443	0.05709245	0.15170241
735.72	0.01369527	0.06140834	0.1438864
736.12	0.01135063	0.05855354	0.13950232
736.52	0.01240383	0.05532534	0.14035219
736.92	0.01067082	0.0565486	0.13984243
737.32	0.01118058	0.0536942	0.13688575
737.73	0.00937938	0.05729619	0.13865286
738.13	0.01162256	0.05566505	0.13977425
738.53	0.0111128	0.05454366	0.13335154
738.93	0.01267576	0.05172295	0.1349145
739.33	0.01026293	0.0544077	0.12923939
739.73	0.0114525	0.05498523	0.12889969
740.13	0.00829208	0.05131506	0.13267173
740.53	0.00377204	0.05342228	0.12427778
740.93	0.01019515	0.05444179	0.13090462
741.33	0.00927751	0.05219861	0.12285037
741.73	0.00873366	0.05063565	0.12475344
742.13	0.00781601	0.05175704	0.12587523
742.53	0.01274394	0.04587778	0.1213211
742.93	0.00948125	0.05566505	0.12223875
743.33	0.0117922	0.04798459	0.11853448
743.73	0.00869997	0.05111132	0.11503436
744.14	0.01135063	0.05304848	0.12115145
744.54	0.00774823	0.05077162	0.11805881
744.94	0.0053695	0.04207165	0.1127234
745.34	0.01080678	0.04648941	0.11071847
745.74	0.0100251	0.04856253	0.1138111
746.14	0.00954943	0.041154	0.11435455
746.53	0.01063673	0.047237	0.11085443
746.93	0.01128245	0.05022777	0.11384479
747.33	0.00869997	0.04489236	0.11003865
747.73	0.01056895	0.03921684	0.11119413
748.13	0.00747631	0.03999852	0.10616474
748.53	0.01046708	0.04196977	0.10354777
748.93	0.0064227	0.04363501	0.10704829
749.33	0.00547137	0.04176563	0.10813559
749.73	0.01016106	0.04594556	0.10395565
750.13	0.00819021	0.0443826	0.10463547
750.53	0.0096513	0.04207165	0.10263012
750.93	0.00992323	0.04693139	0.10636848
751.33	0.00815612	0.0364984	0.10225633
751.73	0.00455373	0.03840147	0.10120313
752.13	0.01097684	0.04298929	0.10670818
752.52	0.00886962	0.03955695	0.10511113
752.92	0.00975317	0.04441669	0.10528119
753.32	0.00819021	0.04315894	0.10269831
753.72	0.00856401	0.04363501	0.105213
754.12	0.01318551	0.04305707	0.10280018
754.52	0.0064227	0.03986256	0.09246906
754.92	0.00703474	0.04027045	0.09848428
755.32	0.00560733	0.0426155	0.10113494
755.71	0.00791829	0.04013449	0.09681905
756.11	0.00778233	0.04132405	0.09892626
756.51	0.01046708	0.03697407	0.09386237
756.91	0.00897149	0.03843556	0.09359085
757.31	0.00720439	0.03656618	0.09926597
757.71	0.00829208	0.03357582	0.0927073
758.1	0.00350012	0.0386734	0.08679395
758.5	0.00941347	0.03836738	0.09189153
758.9	0.01033112	0.03704225	0.0919934
759.3	0.00689877	0.04054237	0.09223123
759.69	0.00798607	0.03123077	0.08485679
760.09	0.00825799	0.03751792	0.08788165
760.49	0.00652498	0.03690629	0.08686213
760.89	0.00411215	0.03459534	0.09066827
761.29	0.00723848	0.02813854	0.0819683
761.68	0.00737444	0.03347395	0.08312378
762.08	0.00781601	0.0325904	0.08040493
762.48	0.01009328	0.03690629	0.0826818
762.88	0.00757818	0.03174053	0.07955547
763.27	0.0067969	0.03177462	0.07907981
763.67	0.00757818	0.03347395	0.08047312
764.07	0.00519945	0.03354173	0.07799211
764.46	0.0093116	0.02847824	0.07700668
764.86	9.5174E-4	0.02837637	0.06976821
765.26	0.0075104	0.03289601	0.07693891
765.65	0.00458782	0.0336436	0.06881688
766.05	0.00771414	0.03289601	0.07999745
766.45	0.00659276	0.03228438	0.06796701
766.85	0.0075104	0.03014348	0.07653102
767.24	0.00458782	0.02742464	0.06473881
767.64	0.00577739	0.03126486	0.06460285
768.04	0.00557324	0.02993933	0.07245296
768.43	0.00625305	0.03031313	0.06365111
768.83	0.00723848	0.02773065	0.0665737
769.22	0.00819021	0.02654108	0.05967492
769.62	0.00455373	0.0293277	0.06521448
770.02	0.0093116	0.03174053	0.06579202
770.41	0.00594704	0.02490994	0.06497665
770.81	0.00662685	0.0239582	0.060151
771.21	0.00598113	0.02820632	0.05746624
771.6	0.00598113	0.02341476	0.06317545
772	0.00808794	0.02949776	0.06079672
772.39	0.00869997	0.02592946	0.06201997
772.79	0.00577739	0.02688079	0.06246195
773.18	0.00258288	0.02694897	0.06161208
773.58	0.00649089	0.02188549	0.05563095
773.98	0.00564143	0.02266717	0.05284433
774.37	0.00662685	0.02202145	0.05862172
774.77	0.00485974	0.02259898	0.05236867
775.16	0.00669463	0.02657518	0.05450957
775.56	0.00421402	0.02511368	0.05447548
775.95	0.00713661	0.02416235	0.05719432
776.35	0.00903968	0.02514777	0.05359192
776.74	0.0024806	0.02358441	0.05682052
777.14	0.00363608	0.02321061	0.05471331
777.53	0.00581107	0.01875876	0.05281024
777.93	0.00343234	0.02249711	0.05328631
778.32	0.0078842	0.02429831	0.05111132
778.72	0.00207312	0.02317693	0.04815464
779.11	9.5174E-4	0.01909887	0.04744115
779.51	0.00288849	0.01624406	0.0422417
779.9	0.00591295	0.01998242	0.04801868
780.3	0.00186898	0.01767146	0.04693139
780.69	0.00635492	0.02511368	0.04570773
781.09	0.00475787	0.02137573	0.04574182
781.48	0.00564143	0.01971049	0.05182482
781.88	0.00367017	0.02171543	0.04608152
782.27	0.00445186	0.01913255	0.0447223
782.66	0.00666094	0.02032212	0.0465235
783.06	0.0046556	0.01831718	0.04431442
783.45	0.00598113	0.01546238	0.04309116
783.85	0.00669463	0.01872507	0.04380466
784.24	7.8168E-4	0.01485075	0.04309116
784.64	0.0032286	0.02086597	0.04166376
785.03	0.00737444	0.02032212	0.04387284
785.42	0.00553915	0.01818122	0.04489236
785.82	0.00295668	0.01366159	0.03823142
786.21	0.00594704	0.01889472	0.03530883
786.6	0.00448595	0.0161081	0.04057646
787	0.0071707	0.02134164	0.04275146
787.39	0.00761227	0.02249711	0.04074611
787.78	0.00282071	0.01699165	0.04105213
788.18	0.00363608	0.02096784	0.04380466
788.57	0.00288849	0.01094274	0.03194468
788.96	0.00683059	0.01855502	0.04292111
789.36	0.00312632	0.01709393	0.04105213
789.75	0.00135922	0.01471479	0.03755201
790.14	-0.00186898	0.01189407	0.03432341
790.54	0.00581107	0.01508858	0.03945508
790.93	0.00417993	0.01855502	0.04057646
791.32	0.00468969	0.01529273	0.03588678
791.72	0.0024806	0.00829208	0.0354107
792.11	0.00669463	0.01597214	0.03860521
792.5	0.00513167	0.0157343	0.03622648
792.89	0.00210681	0.01434099	0.03513918
793.29	0.00377204	0.01641411	0.03303197
793.68	0.00265066	0.01355931	0.03058505
794.07	0.00611709	0.00999101	0.03456124
794.46	0.00237873	0.01277763	0.03286192
794.86	0.00339825	0.01705983	0.03051727
795.25	0.00431589	0.01186039	0.0304154
795.64	0.00265066	0.01080678	0.03191058
796.03	1.7005E-4	0.0139331	0.03004161
796.43	0.00744222	0.00978727	0.03017757
796.82	4.7567E-4	0.00710251	0.03218251
797.21	-0.00207312	0.00761227	0.02851234
797.6	0.0039421	0.01128245	0.02626916
797.99	0.00479156	0.01529273	0.03068733
798.39	0.00343234	0.01321961	0.0325904
798.78	0.00387432	0.01284581	0.02783252
799.17	0.00438408	0.00805425	0.02416235
799.56	0.00105361	0.00737444	0.02694897
799.95	-3.409E-5	0.01046708	0.02494403
800.34	0.00672872	0.01060304	0.02355072
800.74	0.00523354	0.0093116	0.02786662
801.13	0.00302445	0.01077269	0.03106112
801.52	0.00635492	0.01237015	0.02480807
801.91	0.0039421	0.01118058	0.02412826
802.3	0.00329638	0.012166	0.0268471
802.69	0	0.0132537	0.0286483
803.08	0.00635492	0.01267576	0.02858011
803.47	0.0093116	0.01410316	0.02725499
803.87	0.01253979	0.01376346	0.03201245
804.26	0.00883553	0.01841905	0.03167275
804.65	0.0100251	0.01685569	0.02766247
805.04	0.00897149	0.01886103	0.03496913
805.43	0.01012697	0.01736545	0.02766247
805.82	0.01053486	0.01644821	0.03061914
806.21	0.01206413	0.01971049	0.02878426
806.6	0.00764636	0.00825799	0.02589536
806.99	0.00720439	0.00914155	0.02494403
807.38	0.00591295	0.01488484	0.02222519
807.77	5.4385E-4	0.01491893	0.02256489
808.16	0.00299036	0.00686468	0.02256489
808.55	0.00132553	0.01060304	0.01845315
808.94	5.0976E-4	0.00764636	0.0189629
809.33	0.00445186	0.00547137	0.01627815
809.72	0.00706842	0.00900558	0.01889472
810.11	0.00207312	0.00502939	0.01695796
810.5	0.00197085	0.01063673	0.01909887
810.89	0.00203903	0.00805425	0.01998242
811.28	-0.00105361	0.00434999	0.01709393
811.67	0.00424812	0.00577739	0.02178362
812.06	0.00193716	0.00825799	0.02079779
812.45	0.00234505	0.00988914	0.01988055
812.84	0.00288849	0.01063673	0.01940448
813.23	0.00329638	0.01043299	0.02154538
813.62	0.00424812	0.01189407	0.01831718
814.01	4.0789E-4	0.00377204	0.01957453
814.4	-0.0032286	0.00523354	0.01491893
814.79	0.00200494	0.0103648	0.02188549
815.18	0.00417993	0.00713661	0.01957453
815.57	0.00333047	0.01097684	0.01750141
815.95	0.00438408	0.00835986	0.01702574
816.34	0.00438408	0.00835986	0.01692387
816.73	0.00108729	0.00975317	0.01474888
817.12	0.00193716	0.00713661	0.01620997
817.51	0.00907377	0.00632083	0.02100193
817.9	0.00295668	0.00581107	0.01722948
818.29	0.00363608	0.00934529	0.0179093
818.68	0.00666094	0.01165624	0.01695796
819.07	0.00227686	0.00564143	0.01328738
819.45	9.5174E-4	0.00727257	0.01604032
819.84	0.0025147	0.00903968	0.01801117
820.23	3.409E-5	0.00961721	0.0114525
820.62	0.00343234	0.00373836	0.01536051
821.01	-2.0374E-4	0.00886962	0.01590436
821.4	8.1577E-4	0.00621896	0.01366159
821.78	8.1577E-4	0.00611709	0.01406907
822.17	0.00353421	0.00710251	0.01230196
822.56	0.00282071	0.00434999	0.01403538
822.95	0.0025147	0.00445186	0.01220009
823.34	8.1577E-4	0.00866588	0.01498671
823.72	0.00424812	0.00873366	0.0139331
824.11	0.00193716	7.135E-4	0.01651599
824.5	-2.0374E-4	0.00601522	0.01355931
824.89	6.1163E-4	0.0057092	0.00876775
825.27	0.00509758	0.00468969	0.01172443
825.66	0.00523354	0.00584517	0.01420503
826.05	0.00122326	0.00611709	0.01141841
826.44	0.00227686	0.00502939	0.01186039
826.82	0.00305855	0.00785011	0.01243792
827.21	0.00125735	0.00472378	0.01165624
827.6	6.1163E-4	0.00499571	0.01243792
827.98	3.409E-5	0.00268475	0.01063673
828.37	-0.00271884	0.00553915	0.01206413
828.76	0.00305855	0.00499571	0.01243792
829.15	-0.00139331	0.00380614	0.01155437
829.53	0.00237873	0.00655867	0.01033112
829.92	-0.00105361	0.0025147	0.01016106
830.31	-0.00288849	0.00353421	0.01250611
830.69	0.00135922	0.00768046	0.00910745
831.08	0.00268475	0.00553915	0.00553915
831.47	0.00299036	0.00615118	0.0128799
831.85	0.00299036	0.00421402	0.00920973
832.24	0.00367017	0.00438408	0.01131654
832.63	0.00275253	0.00550546	0.00846173
833.01	0.00237873	0.00380614	0.01237015
833.4	-0.00146149	0.006083	0.01067082
833.78	0.00397619	0.0064227	0.01253979
834.17	0.00244692	0.00581107	0.00825799
834.56	6.7981E-4	0.00700064	0.00924342
834.94	-3.409E-5	0.00373836	0.00740853
835.33	6.1163E-4	0.00417993	0.00999101
835.71	0.00519945	0.00295668	0.0111128
836.1	-8.4946E-4	3.738E-4	0.00914155
836.49	5.0976E-4	0.00203903	0.00866588
836.87	0.00316042	0.00244692	0.00937938
837.26	-0.00176711	0.00496161	0.01250611
837.64	0.0042818	0.00621896	0.0096854
838.03	0.00489343	0.0057092	0.00397619
838.41	0.0032286	0.00159705	0.0075104
838.8	0	0.00468969	0.00795198
839.18	0.00156336	0.00350012	0.00951534
839.57	-0.00944756	-7.8168E-4	-0.01739954
839.95	0.00193716	0.00621896	0.01050076
840.34	6.778E-5	0.0039421	0.00791829
840.73	4.4198E-4	0.00176711	0.00666094
841.11	6.4572E-4	0.00594704	0.00523354
841.5	0.00265066	0.00367017	0.01050076
841.88	0.00254879	0.00305855	0.00805425
842.26	5.4385E-4	0.00594704	0.01033112
842.65	2.0374E-4	0.00560733	0.00723848
843.03	0.00193716	0.00193716	0.00489343
843.42	0.00224277	0.00417993	0.0111128
843.8	-0.00108729	0.00217499	0.0071707
844.19	-7.135E-4	0.00458782	0.00764636
844.57	0.00163114	0.0021409	0.00601522
844.96	0.00472378	0.00472378	0.01165624
845.34	0.0042818	0.00621896	0.00948125
845.73	0.00207312	0.00431589	0.00839395
846.11	0.00254879	0.00519945	0.00795198
846.49	0.00220909	-9.5174E-4	0.0103648
846.88	3.0602E-4	0.00540319	0.00825799
847.26	-0.00190307	0.00329638	0.00309264
847.65	-0.00183529	0.00499571	0.00479156
848.03	-9.8542E-4	0.00278662	0.00594704
848.41	7.8168E-4	0.006083	0.00710251
848.8	-8.1577E-4	7.135E-4	0.00479156
849.18	7.8168E-4	0.00343234	0.00700064
849.56	7.4759E-4	0.00380614	0.00553915
849.95	-4.7567E-4	0.00400988	0.00829208
850.33	0.00183529	0.00489343	0.01009328
850.71	0.00125735	0.00135922	0.00237873
851.1	2.7192E-4	0.00139331	0.00353421
851.48	0.00190307	0.00384023	0.00404397
851.86	0.00129144	0.0067969	0.00873366
852.25	5.4385E-4	0.0024806	0.00441776
852.63	-2.0374E-4	0.00265066	0.00275253
853.01	0.00108729	0.00108729	0.00333047
853.4	0.00152927	0.00112139	0.0057092
853.78	0.00282071	0.00333047	0.00720439
854.16	9.8542E-4	0.00475787	0.00618487
854.55	0.00197085	0.00217499	0.00451963
854.93	0.00309264	0.00451963	0.00890371
855.31	0.00271884	2.7192E-4	0.00434999
855.69	9.1764E-4	0.00244692	0.00316042
856.08	-0.00125735	0.00404397	0.00720439
856.46	0.0042818	0.00397619	0.00611709
856.84	0.0021409	0.0057092	0.00856401
857.22	-0.00231096	-0.00210681	0.00502939
857.61	-6.1163E-4	7.135E-4	0.00988914
857.99	0.00309264	0.00370427	0.00727257
858.37	0.00231096	0.00118957	0.00628715
858.75	-4.4198E-4	0.00159705	0.0032286
859.13	-0.00159705	-0.00108729	0.0024806
859.52	-2.0374E-4	0.00397619	0.00285481
859.9	-5.4385E-4	-6.4572E-4	8.8355E-4
860.28	0.00118957	0.00231096	0.00404397
860.66	0.00258288	0.00523354	0.00319451
861.04	0.00530132	0.00234505	0.00611709
861.43	2.0374E-4	0.00326229	0.00275253
861.81	0.00485974	0.00129144	0.00292258
862.19	2.3783E-4	0.0036024	0.00451963
862.57	0.00125735	0.00482565	0.00768046
862.95	0.00370427	0.00635492	0.00451963
863.33	3.397E-4	0.00309264	0.00299036
863.71	7.135E-4	8.1577E-4	0.00224277
864.1	3.738E-4	0.00271884	0.00373836
864.48	0.00346643	0.00203903	0.0014274
864.86	-4.7567E-4	0.0024806	0.00421402
865.24	0.00156336	0.00176711	0.00390801
865.62	0.00125735	0.00105361	0.00339825
866	-0.00183529	0.00387432	0.00560733
866.38	-3.397E-4	-0.00125735	0.0025147
866.76	0.00455373	0.00384023	0.00506348
867.14	-3.738E-4	1.3596E-4	0.00441776
867.52	6.7981E-4	-8.4946E-4	0.00567511
867.9	-4.0789E-4	0.00550546	-1.0187E-4
868.28	-5.0976E-4	6.1163E-4	0.00173301
868.67	-1.3596E-4	0.00149518	0.00108729
869.05	0.00258288	2.3783E-4	0.00176711
869.43	0.00258288	0.0036024	0.00115548
869.81	9.1764E-4	0.00203903	0.00285481
870.19	0.00316042	0.00122326	0.00407806
870.57	3.738E-4	-0.00105361	0.00424812
870.95	0.00336456	0.00203903	0.00377204
871.33	-0.00407806	-9.1764E-4	-0.00234505
871.71	7.135E-4	0.00377204	0.0064227
872.09	0.00489343	8.1577E-4	0.00346643
872.47	-6.1163E-4	-0.00173301	0.00193716
872.85	-7.4759E-4	0.00118957	0.00434999
873.23	-0.00254879	1.0187E-4	-8.1577E-4
873.61	0.00105361	0.00176711	0.00146149
873.99	7.8168E-4	0.00282071	0.00638902
874.36	0.00265066	0.00397619	0.00295668
874.74	-6.7981E-4	-3.738E-4	2.3783E-4
875.12	0.00350012	0.00462191	-3.738E-4
875.5	0.00288849	9.5174E-4	0.00553915
875.88	-6.778E-5	0.00299036	0.00227686
876.26	-0.00129144	-3.738E-4	1.3596E-4
876.64	-0.00108729	0.00299036	0.00370427
877.02	-2.7192E-4	8.4946E-4	0.0057433
877.4	0.00591295	0.0035683	0.00581107
877.78	0.00309264	0.00217499	0.00105361
878.16	0.00152927	0.00448595	0.00244692
878.54	0.00207312	0.00309264	0.00217499
878.91	0.0035683	0.00560733	0.0064227
879.29	0.00367017	0.00224277	0.00336456
879.67	0.00479156	0.00316042	0.00458782
880.05	7.4759E-4	7.4759E-4	0.00339825
880.43	0.00268475	0.00115548	0.00288849
880.81	0.00299036	0.00115548	0.00176711
881.19	0.00479156	0.00244692	0.0021409
881.56	0.00431589	0.00411215	0.00197085
881.94	-2.3783E-4	0.00261657	4.7567E-4
882.32	0.00112139	8.1577E-4	0.00101952
882.7	0.00227686	0.00156336	0.00309264
883.08	0.00200494	9.8542E-4	0.00231096
883.45	0.00598113	0.00526763	0.00220909
883.83	-0.00173301	-5.0976E-4	0.00203903
884.21	0.0014274	7.135E-4	0.00244692
884.59	0.00193716	0.00397619	0.00397619
884.97	3.0602E-4	0.0014274	0.00815612
885.34	0.00156336	3.409E-5	0.0036024
885.72	0.00271884	-3.397E-4	0.00445186
886.1	2.3783E-4	3.397E-4	0.00462191
886.48	-0.00132553	0.00193716	0.0035683
886.85	0.00159705	0.00210681	0.0018012
887.23	0.00353421	-4.4198E-4	0.00475787
887.61	0.00377204	0.00101952	0.0021409
887.98	9.5174E-4	-6.778E-5	0.00472378
888.36	-3.0602E-4	-3.0602E-4	0.00112139
888.74	-0.00118957	0.00299036	0.00400988
889.12	-0.00234505	-0.00132553	-9.1764E-4
889.49	-4.4198E-4	0.00373836	0.00241283
889.87	-0.00176711	-2.3783E-4	0.00384023
890.25	0.00159705	0.00139331	0.00271884
890.62	-1.3596E-4	0.00129144	0.00261657
891	0.00373836	0.00241283	0.00118957
891.38	-6.1163E-4	0.00122326	-6.1163E-4
891.75	0.00234505	-9.1764E-4	-1.0187E-4
892.13	0.00176711	0.00350012	0.00655867
892.51	0.00397619	4.0789E-4	8.1577E-4
892.88	0.00384023	8.8355E-4	0.00271884
893.26	6.7981E-4	-6.4572E-4	8.8355E-4
893.64	0.01060304	0.00489343	0.00468969
894.01	3.0602E-4	1.0187E-4	0.00305855
894.39	0.00115548	0.00584517	0.00584517
894.76	-7.135E-4	-8.1577E-4	0.00173301
895.14	-0.00166524	-0.00115548	2.7192E-4
895.52	-0.00261657	0.00268475	-8.8355E-4
895.89	0.00400988	0.00146149	0.0036024
896.27	0.00241283	0.0039421	0.00516535
896.64	0.0018012	-0.00115548	3.738E-4
897.02	0.00380614	7.4759E-4	0.00411215
897.39	9.1764E-4	-3.0602E-4	0.00101952
897.77	0.00339825	3.409E-5	-0.00129144
898.15	0.00234505	0.00275253	0.00295668
898.52	-0.00156336	-0.00197085	-8.4946E-4
898.9	0.00282071	4.7567E-4	0.00129144
899.27	6.1163E-4	0.00326229	0.00367017
899.65	0.00186898	6.4572E-4	0.00299036
900.02	1.7005E-4	0.0032286	0.00455373
900.4	-0.00129144	0.00217499	-4.7567E-4
900.77	-0.00152927	0.00407806	0.00265066
901.15	0.00122326	-0.00173301	0.00336456
901.52	0.0014274	0	-3.0602E-4
901.9	-0.00458782	-0.00367017	0.00224277
902.27	0.00122326	0.00254879	0.00285481
902.65	0.00265066	-1.0187E-4	-2.0374E-4
903.02	0.00159705	-5.4385E-4	1.7005E-4
903.4	8.8355E-4	-0.00207312	0.00434999
903.77	9.8542E-4	0.00118957	8.8355E-4
904.14	0.00105361	0.00186898	-1.7005E-4
904.52	0.00135922	0.00176711	0.00156336
904.89	0.00217499	3.409E-5	0.00207312
905.27	0.00706842	0.00411215	0.00146149
905.64	-1.3596E-4	3.738E-4	2.7192E-4
906.02	-1.7005E-4	-9.8542E-4	0.00186898
906.39	9.1764E-4	-0.00132553	-0.00163114
906.76	1.0187E-4	0.00132553	0.0021409
907.14	-0.00146149	0.00118957	0.00414584
907.51	-5.0976E-4	1.0187E-4	7.135E-4
907.89	-0.00118957	0.00125735	0.00186898
908.26	0.00224277	0.00112139	0.00224277
908.63	0.00468969	0.00468969	0.00326229
909.01	-0.00156336	0.00139331	-0.00135922
909.38	0.00132553	8.1577E-4	0.00152927
909.75	0.00292258	0.00618487	0.0032286
910.13	0.00278662	0.00135922	0.00135922
910.5	0.00285481	0.00305855	0.00479156
910.87	0.00169933	0.00118957	0.00424812
911.25	4.7567E-4	0.00108729	0.00363608
911.62	0.00523354	0.00258288	0.00421402
911.99	0.00526763	-1.3596E-4	4.7567E-4
912.37	-8.1577E-4	-1.0187E-4	6.1163E-4
912.74	-0.00265066	0.00112139	-0.00183529
913.11	-0.00234505	0.00224277	-0.00234505
913.49	0.00587926	8.8355E-4	0.00231096
913.86	0.0036024	-0.00547137	0.00339825
914.23	0.00275253	0.00224277	0.00305855
914.6	7.8168E-4	0.00210681	0.00506348
914.98	0.00207312	0.00400988	0.00370427
915.35	0.00285481	0.00265066	7.135E-4
915.72	0.00265066	-6.1163E-4	0.00254879
916.09	7.4759E-4	-4.7567E-4	0.00258288
916.47	4.4198E-4	0.00115548	5.4385E-4
916.84	0.00316042	0.00377204	9.1764E-4
917.21	6.4572E-4	-6.7981E-4	-5.7754E-4
917.58	0.00431589	0.00390801	0.00329638
917.95	-2.0374E-4	0.0042818	0.00173301
918.33	0	3.0602E-4	8.1577E-4
918.7	0.00363608	0.0025147	0.00210681
919.07	2.0374E-4	0.00132553	6.1163E-4
919.44	4.0789E-4	0.00244692	0.0021409
919.81	0.00115548	-8.8355E-4	0.00125735
920.19	0.0018012	-0.00146149	-0.00309264
920.56	0.00414584	0.0018012	-4.4198E-4
920.93	0.00231096	0.00139331	0.00577739
921.3	5.4385E-4	-0.00108729	0.00227686
921.67	0.00200494	9.8542E-4	0.00373836
922.04	-1.3596E-4	0.0025147	0.00373836
922.41	-2.0374E-4	0.00244692	-0.00275253
922.79	0.00163114	6.1163E-4	0.00234505
923.16	-9.8542E-4	0.00350012	0.00288849
923.53	0.00227686	0.00237873	0.00105361
923.9	4.4198E-4	5.4385E-4	9.5174E-4
924.27	-5.7754E-4	5.4385E-4	0.00288849
924.64	0.00384023	0.00149518	-0.00146149
925.01	0.00227686	8.4946E-4	0.00176711
925.38	0.00139331	0.0025147	-3.409E-5
925.75	-4.7567E-4	4.4198E-4	0.00166524
926.12	0.00132553	-0.00132553	0.00367017
926.49	6.4572E-4	8.4946E-4	0.00227686
926.86	3.397E-4	2.3783E-4	0.0024806
927.24	0.00197085	3.409E-5	8.4946E-4
927.61	-0.00203903	-0.00132553	-3.0602E-4
927.98	9.8542E-4	0.00312632	0.00547137
928.35	0.00295668	-4.0789E-4	1.0187E-4
928.72	0.00156336	-0.00282071	-8.8355E-4
929.09	4.7567E-4	3.738E-4	0.00159705
929.46	0.00451963	3.409E-5	5.4385E-4
929.83	0.00241283	-0.00237873	5.7754E-4
930.2	0.00475787	0.00241283	0.00271884
930.57	0.00156336	-0.00149518	-8.8355E-4
930.94	0.00200494	-0.00125735	0.00200494
931.31	0.00268475	8.4946E-4	0.00268475
931.68	-0.00241283	-0.00129144	0.00115548
932.05	0.00132553	-0.00244692	7.135E-4
932.41	4.7567E-4	0.0032286	0.0025147
932.78	0.0014274	-0.00244692	0.00101952
933.15	0.00312632	3.738E-4	0.00149518
933.52	0.00122326	0.0014274	0.00203903
933.89	0.00112139	0.00173301	0.0014274
934.26	-0.00217499	-0.00135922	0.00169933
934.63	2.0374E-4	-0.00152927	-0.00163114
935	-0.00203903	-8.1577E-4	0.00224277
935.37	0.00112139	2.0374E-4	0.00458782
935.74	-3.0602E-4	0	0.00122326
936.11	0.0046556	0.00302445	0.0039421
936.48	7.8168E-4	-8.4946E-4	0.00190307
936.84	-6.778E-5	-0.00129144	-1.7005E-4
937.21	0.00146149	-0.00200494	5.4385E-4
937.58	0.00407806	0.00254879	0.00479156
937.95	0.00417993	-0.00132553	0.00275253
938.32	0.00115548	0.00339825	0.00227686
938.69	-0.00166524	0.00220909	-5.4385E-4
939.06	-0.00339825	-2.3783E-4	8.8355E-4
939.42	7.8168E-4	0.00312632	0.00363608
939.79	0.00152927	-0.00101952	0.00244692
940.16	0.00434999	0.00200494	0.00129144
940.53	0.00397619	-8.1577E-4	-5.0976E-4
940.9	0.00118957	-0.00299036	0.00129144
941.26	0.00139331	0.00220909	0.00200494
941.63	-1.3596E-4	9.8542E-4	-5.4385E-4
942	0.00186898	0.00186898	-8.8355E-4
942.37	-9.5174E-4	-0.00146149	0.0025147
942.74	-3.397E-4	0.00200494	0.0039421
943.1	7.8168E-4	5.7754E-4	6.7981E-4
943.47	9.1764E-4	2.0374E-4	0.00132553
943.84	0.00316042	-0.00112139	0
944.21	0.00105361	0.00350012	0.00237873
944.57	0.00231096	0.00118957	3.738E-4
944.94	0.00159705	-0.00197085	0.00159705
945.31	-5.4385E-4	0.00292258	0.00598113
945.67	0.00343234	0.00618487	0.00445186
946.04	-1.7005E-4	0.00207312	0.00176711
946.41	0.0018012	-0.00186898	5.7754E-4
946.78	-7.135E-4	8.1577E-4	-0.00152927
947.14	9.8542E-4	-0.00115548	0.0018012
947.51	0.0035683	0.00285481	0.00346643
947.88	-8.1577E-4	1.0187E-4	0.00203903
948.24	0.00135922	0.00115548	0.00339825
948.61	9.5174E-4	-6.778E-5	0.00299036
948.98	0.00387432	0.00591295	0.00265066
949.34	3.409E-5	0.00197085	0.00207312
949.71	0.00370427	-3.738E-4	0.0024806
950.08	0.00197085	-0.00139331	9.5174E-4
950.44	0.00268475	0.00319451	0.00227686
950.81	9.5174E-4	5.4385E-4	-0.00373836
951.17	-0.00183529	-0.00285481	-4.0789E-4
951.54	0.0021409	-0.00234505	-5.0976E-4
951.91	3.409E-5	0.00115548	0.00299036
952.27	-0.0014274	8.1577E-4	-0.00326229
952.64	0.00118957	0.00282071	2.7192E-4
953	0.00163114	-3.0602E-4	0.00173301
953.37	0.00275253	0.00254879	0.00101952
953.74	-0.00105361	0.00200494	-5.4385E-4
954.1	0.00299036	8.4946E-4	4.4198E-4
954.47	1.7005E-4	7.8168E-4	0.00139331
954.83	2.7192E-4	-0.00278662	0.00129144
955.2	8.8355E-4	0.00139331	0.00241283
955.56	-5.4385E-4	0.00241283	0.00302445
955.93	0.00207312	-0.00118957	8.4946E-4
956.29	-3.738E-4	0.00380614	0.00615118
956.66	-3.738E-4	3.397E-4	0.00156336
957.02	-4.0789E-4	-0.00193716	-4.0789E-4
957.39	0.0018012	-5.4385E-4	-0.00268475
957.75	-5.0976E-4	-0.00234505	0.00193716
958.12	0.00407806	-0.00336456	0.00183529
958.48	0.00101952	0.00387432	0.00101952
958.85	0.00186898	0.00105361	4.4198E-4
959.21	6.7981E-4	0.00241283	0.00190307
959.58	0.00176711	-3.738E-4	7.4759E-4
959.94	5.7754E-4	-3.397E-4	8.8355E-4
960.31	0.00305855	0.00101952	0.0014274
960.67	-2.0374E-4	0.00591295	5.0976E-4
961.04	0.00282071	-0.00166524	0.00261657
961.4	-0.00234505	0.00132553	2.0374E-4
961.77	0.00169933	-0.00135922	-0.00135922
962.13	0.00163114	0.00285481	4.0789E-4
962.49	0.00149518	-9.5174E-4	-0.00329638
962.86	-9.1764E-4	-1.0187E-4	-0.00203903
963.22	0.00475787	0.00129144	6.7981E-4
963.59	0.00295668	0.00101952	0.00387432
963.95	0.00112139	-3.0602E-4	1.0187E-4
964.31	5.0976E-4	0.00295668	0.00611709
964.68	0.00241283	0.00343234	0.00282071
965.04	-0.00417993	-0.00672872	-1.0187E-4
965.4	0.00169933	-7.4759E-4	0.00129144
965.77	0.00496161	0.00200494	0.00139331
966.13	0.00373836	0.00190307	0.00108729
966.5	0.00417993	0.00367017	0.00132553
966.86	0.00156336	0.00135922	0.00176711
967.22	-0.00197085	0.00108729	-1.3596E-4
967.59	0.00339825	0.00431589	0.00400988
967.95	0.0036024	0.00207312	0.00146149
968.31	0.00312632	0.00159705	0.00149518
968.67	5.4385E-4	-0.0018012	-5.7754E-4
969.04	-0.00312632	-0.00139331	4.4198E-4
969.4	-9.8542E-4	-0.00384023	-0.00210681
969.76	0.00380614	0.00115548	0.00309264
970.13	0.00384023	9.8542E-4	-0.0024806
970.49	0.00241283	0.00159705	9.8542E-4
970.85	-3.0602E-4	3.0602E-4	0.00203903
971.21	-7.4759E-4	0.0039421	0.00292258
971.58	0.00139331	0.00108729	-3.409E-5
971.94	0.0036024	9.5174E-4	0.00186898
972.3	0.00173301	-0.00173301	0.00244692
972.66	2.7192E-4	5.7754E-4	-0.0024806
973.03	-0.00176711	-0.00411215	0.00129144
973.39	-0.00268475	5.7754E-4	0.0025147
973.75	0.00288849	0.00339825	0.00502939
974.11	9.8542E-4	-9.5174E-4	-0.00288849
974.47	-0.00424812	0.00176711	-9.8542E-4
974.84	0.00373836	-0.00105361	-3.409E-5
975.2	0.00115548	-0.00210681	-8.8355E-4
975.56	-9.8542E-4	4.4198E-4	-3.738E-4
975.92	0.00169933	0.0032286	0.00261657
976.28	-0.00108729	-0.00241283	-0.00373836
976.64	0.00108729	0.00271884	-4.4198E-4
977.01	0.00231096	-0.00176711	0.00149518
977.37	0.00146149	-0.00108729	-0.00149518
977.73	-4.7567E-4	-3.738E-4	7.4759E-4
978.09	0.0024806	9.5174E-4	0.00135922
978.45	9.5174E-4	-0.00231096	-9.8542E-4
978.81	-0.00125735	-0.00411215	-2.3783E-4
979.17	0.00132553	-0.00173301	0.00152927
979.54	0.0025147	0.00200494	0.00292258
979.9	7.8168E-4	0.00118957	0.00200494
980.26	0.00112139	7.135E-4	-0.00244692
980.62	-3.409E-5	1.7005E-4	-0.00156336
980.98	0.00115548	0.00451963	4.4198E-4
981.34	0.00353421	6.778E-5	-1.3596E-4
981.7	0.00227686	3.409E-5	6.4572E-4
982.06	3.0602E-4	0.00152927	0.00193716
982.42	3.397E-4	0.00146149	8.4946E-4
982.78	-0.00234505	-0.0035683	-0.00377204
983.14	0.00275253	0.00367017	0.00173301
983.5	-0.00176711	-3.409E-5	0.00210681
983.86	0.00108729	-0.00156336	0.00129144
984.22	0.00326229	0.00152927	0.00346643
984.58	5.0976E-4	-0.00336456	0.00367017
984.94	0.00176711	8.4946E-4	2.3783E-4
985.3	0.00336456	-1.0187E-4	0
985.66	-0.00156336	-0.00227686	5.7754E-4
986.02	0.00166524	0.00380614	0.00176711
986.38	-9.1764E-4	-0.00224277	-0.00234505
986.74	3.738E-4	0.00210681	-0.00146149
987.1	6.1163E-4	0.00112139	0.00234505
987.46	-0.00149518	-7.8168E-4	0.00105361
987.82	7.4759E-4	0.00278662	5.4385E-4
988.18	8.1577E-4	2.0374E-4	0.00254879
988.54	-0.00118957	-0.00516535	-0.00108729
988.9	0.00105361	0.00197085	0.00156336
989.26	0.00241283	0.0046556	8.8355E-4
989.62	6.7981E-4	0.00312632	0.00118957
989.98	0.00139331	2.7192E-4	0.00475787
990.34	0.00237873	0.00125735	0.00370427
990.69	0.00108729	0.00129144	0.00210681
991.05	6.1163E-4	-0.0021409	0.00367017
991.41	2.0374E-4	-0.00326229	3.0602E-4
991.77	0.0021409	0.00275253	0.00417993
992.13	0.00220909	0.00302445	5.7754E-4
992.49	-8.4946E-4	0.00353421	0.00353421
992.85	-1.3596E-4	-0.00370427	-6.4572E-4
993.21	0.00282071	0.00149518	-5.4385E-4
993.56	0.00295668	-0.00203903	0.00193716
993.92	0.00268475	4.4198E-4	0.00350012
994.28	0.00502939	-0.00118957	0.00268475
994.64	0.00309264	0.00227686	-6.7981E-4
995	-7.135E-4	-9.1764E-4	-0.00540319
995.36	0.00112139	-9.1764E-4	0.00224277
995.71	0.00207312	0.00299036	0.00329638
996.07	0.00577739	0.00445186	0.0025147
996.43	0.00159705	0.0018012	-4.4198E-4
996.79	0.00159705	0.00129144	0.00149518
997.14	0.00411215	0.00207312	-1.7005E-4
997.5	0.00288849	5.4385E-4	-3.738E-4
997.86	0.00231096	-0.00135922	2.7192E-4
998.22	0.00159705	6.778E-5	0.00445186
998.58	0.00244692	-0.00183529	0.00683059
998.93	0.00193716	0.00417993	0.00305855
999.29	0.00367017	7.135E-4	-2.0374E-4
999.65	0.00227686	0.00146149	0.00166524
1000	-0.0024806	-0.00258288	-0.00146149
1000.36	0.00152927	0.00285481	0.00152927
1000.72	-0.00105361	0.00292258	8.8355E-4
1001.08	-0.00210681	-3.738E-4	8.4946E-4
1001.43	6.778E-5	-0.00176711	-0.00146149
1001.79	0.00370427	0.00400988	0.00278662
1002.15	0.00125735	0.00146149	0.00370427
1002.5	0.00149518	0.00220909	-3.409E-5
1002.86	0.00115548	7.4759E-4	0.00299036
1003.22	-3.409E-5	-0.00135922	7.8168E-4
1003.57	6.778E-5	-0.00146149	0.00118957
1003.93	9.8542E-4	0.00333047	0.00363608
1004.29	0.00129144	0.00557324	0.00282071
1004.64	0.00285481	0.0042818	0.00397619
1005	0.00207312	9.5174E-4	-9.8542E-4
1005.36	-0.00217499	0.00302445	2.7192E-4
1005.71	0.00370427	-2.7192E-4	0.00197085
1006.07	0.00237873	0.00146149	1.3596E-4
1006.42	0.00282071	-0.00217499	0.00149518
1006.78	0.00587926	0.00200494	0.00455373
1007.14	0.00329638	-3.738E-4	-9.8542E-4
1007.49	0.0021409	-1.0187E-4	-6.1163E-4
1007.85	0.00455373	-3.409E-5	3.738E-4
1008.2	0.00132553	0.00275253	0.00152927
1008.56	0.00135922	0.00207312	0.00105361
1008.91	-0.00166524	-0.00105361	-0.00115548
1009.27	-3.738E-4	-0.00149518	-0.0025147
1009.62	-1.3596E-4	-1.3596E-4	6.7981E-4
1009.98	0.00241283	0.00210681	0.00190307
1010.34	0.00101952	1.0187E-4	0.00285481
1010.69	0.0018012	6.7981E-4	0.00169933
1011.05	0.00414584	-0.0024806	0.00292258
1011.4	0.00373836	0.00434999	0.0039421
1011.76	0.00377204	-0.00265066	0.00132553
1012.11	8.4946E-4	1.3596E-4	-0.00434999
1012.47	6.778E-5	-6.4572E-4	0.00190307
1012.82	0.00482565	0.00258288	-4.7567E-4
1013.18	0.00190307	0.00200494	0.00261657
1013.53	7.135E-4	-8.1577E-4	7.135E-4
1013.88	0.0021409	0.00275253	9.1764E-4
1014.24	0.00485974	0.00445186	0.0039421
1014.59	-1.3596E-4	0.00404397	-1.3596E-4
1014.95	0.00173301	0.0014274	0.00295668
1015.3	-0.0014274	-9.1764E-4	-0.00122326
1015.66	-3.409E-5	-0.00380614	-0.00227686
1016.01	-0.00244692	0.00224277	-0.00122326
1016.37	9.8542E-4	0.00108729	0.00118957
1016.72	0.00227686	-0.00129144	0.00451963
1017.07	-0.00210681	0.00390801	0.0024806
1017.43	-9.5174E-4	0.00261657	0.00282071
1017.78	6.1163E-4	0.00295668	-0.00163114
1018.13	-0.00132553	-0.00295668	6.1163E-4
1018.49	-0.00295668	-8.1577E-4	-0.00101952
1018.84	-3.0602E-4	-0.00295668	0.00122326
1019.2	8.1577E-4	0.00336456	8.1577E-4
1019.55	-2.7192E-4	9.5174E-4	-0.00159705
1019.9	6.4572E-4	-0.00139331	0.00441776
1020.26	0.00231096	-2.3783E-4	-0.00217499
1020.61	-4.4198E-4	-0.00258288	0.00118957
1020.96	-0.00152927	0.0035683	5.0976E-4
1021.32	-7.8168E-4	0.00227686	-0.00302445
1021.67	-2.3783E-4	1.7005E-4	0.00261657
1022.02	0.00581107	2.0374E-4	9.1764E-4
1022.38	-0.00152927	0.00132553	-0.00316042
1022.73	0.00367017	-0.00254879	0.00203903
1023.08	0.00547137	0.00108729	0.00149518
1023.43	-6.4572E-4	-6.4572E-4	-3.409E-5
1023.79	1.7005E-4	-0.00258288	0.00302445
1024.14	9.8542E-4	-0.00166524	-0.00431589
1024.49	8.1577E-4	-0.00163114	0.00244692
1024.84	0.00101952	1.0187E-4	0.00173301
1025.2	0.00445186	9.8542E-4	4.7567E-4
1025.55	-8.4946E-4	0.00384023	-0.0024806
1025.9	-0.0035683	-0.00224277	-7.135E-4
1026.25	-4.4198E-4	0.00159705	0.00159705
1026.61	-0.00261657	-6.778E-5	-0.00129144
1026.96	-1.7005E-4	1.3596E-4	0.00115548
1027.31	-0.00193716	2.0374E-4	1.0187E-4
1027.66	4.7567E-4	0.00231096	-0.00115548
1028.01	0.00462191	0.00319451	5.4385E-4
1028.37	-0.00139331	-6.7981E-4	0.00135922
1028.72	0.00271884	-3.397E-4	-2.3783E-4
1029.07	3.409E-5	0.00278662	-0.00302445
1029.42	0.00237873	6.4572E-4	0.00156336
1029.77	-4.0789E-4	-3.0602E-4	8.1577E-4
1030.12	0.00278662	0.00462191	0.00380614
1030.48	0.00275253	2.0374E-4	0.00479156
1030.83	-0.0014274	6.1163E-4	0.00193716
1031.18	-5.4385E-4	0.00108729	-3.397E-4
1031.53	-1.0187E-4	-1.0187E-4	0.00234505
1031.88	0.00149518	0.0032286	0.00139331
1032.23	0.00173301	-0.00275253	-5.0976E-4
1032.58	0.00166524	-1.7005E-4	-0.00149518
1032.93	-0.00115548	-0.00237873	-8.4946E-4
1033.28	0.00261657	0.00282071	0.00220909
1033.64	3.738E-4	0.00139331	0.00169933
1033.99	0.0025147	2.7192E-4	0.0032286
1034.34	0.0025147	2.7192E-4	0.0032286
1034.69	0.0025147	2.7192E-4	0.0032286
